<?xml version="1.0" encoding="UTF-8"?>
<BorderFile Version="3" Structure="CORTEX_RIGHT" SurfaceNumberOfVertices="32492">
    <MetaData>
        <MD>
            <Name>ParentProvenance</Name>
            <Value>./average/MNINonLinear/fsaverage_LR32k/average.R.white.32k_fs_LR.surf.gii:
/DATA/232/lqcheng/software/workbench/bin_rh_linux64/../exe_rh_linux64/wb_command -surface-resample /DATA/232/lqcheng/Human/HCP/04_subjects/average/MNINonLinear/Native/average.R.white.native.surf.gii /DATA/232/lqcheng/Human/HCP/04_subjects/average/MNINonLinear/Native/average.R.sphere.reg.reg_LR.native.surf.gii /DATA/232/lqcheng/Human/HCP/04_subjects/average/MNINonLinear/fsaverage_LR32k/average.R.sphere.32k_fs_LR.surf.gii BARYCENTRIC /DATA/232/lqcheng/Human/HCP/04_subjects/average/MNINonLinear/fsaverage_LR32k/average.R.white.32k_fs_LR.surf.gii

./average/MNINonLinear/fsaverage_LR32k/average.R.BN_Atlas.32k_fs_LR.label.gii:
/DATA/232/lqcheng/software/workbench/bin_rh_linux64/../exe_rh_linux64/wb_command -label-resample /DATA/232/lqcheng/Human/HCP/04_subjects/average/MNINonLinear/Native/average.R.BN_Atlas.native.label.gii /DATA/232/lqcheng/Human/HCP/04_subjects/average/MNINonLinear/Native/average.R.sphere.reg.reg_LR.native.surf.gii /DATA/232/lqcheng/Human/HCP/04_subjects/average/MNINonLinear/fsaverage_LR32k/average.R.sphere.32k_fs_LR.surf.gii BARYCENTRIC /DATA/232/lqcheng/Human/HCP/04_subjects/average/MNINonLinear/fsaverage_LR32k/average.R.BN_Atlas.32k_fs_LR.label.gii -largest

</Value>
        </MD>
        <MD>
            <Name>ProgramProvenance</Name>
            <Value>Connectome Workbench
Type: Command Line Application
Version: 1.2.3
Qt Compiled Version: 4.8.4
Qt Runtime Version: 4.8.4
Commit: c170db0277de04cb8a5c04fdf96e45adcda47d6d
Commit Date: 2016-08-23 19:08:10 -0500
Compiled with OpenMP: YES
Compiler: g++44 (/usr/bin)
Compiler Version: 4.4.7
Compiled Debug: NO
Operating System: Linux
</Value>
        </MD>
        <MD>
            <Name>Provenance</Name>
            <Value>/DATA/232/lqcheng/software/workbench/bin_rh_linux64/../exe_rh_linux64/wb_command -label-to-border ./average/MNINonLinear/fsaverage_LR32k/average.R.white.32k_fs_LR.surf.gii ./average/MNINonLinear/fsaverage_LR32k/average.R.BN_Atlas.32k_fs_LR.label.gii ./average/MNINonLinear/fsaverage_LR32k/average.R.BN_Atlas.32k_fs_LR.border</Value>
        </MD>
        <MD>
            <Name>WorkingDirectory</Name>
            <Value>/DATA/232/lqcheng/Human/HCP/04_subjects</Value>
        </MD>
    </MetaData>
    <Class Name="average_R_BN_Atlas" Red="0" Green="0" Blue="0">
        <Border Name="R_A8m_R" Red="0" Green="0" Blue="1">
            <BorderPart Closed="True">
                <Vertices>1764 1763 1875
1875 1763 1874
1875 1874 1763
1929 1874 1928
1928 1874 1873
1928 1873 1927
1928 1927 1873
1981 1927 1980
1980 1927 1926
1980 1926 1979
1980 1979 1926
2032 1979 2031
2032 2031 1979
2083 2031 2082
2082 2031 2030
2082 2030 2081
2082 2081 2030
2132 2081 2131
2131 2081 2080
2131 2080 2130
2131 2130 2080
2180 2130 2179
2180 2179 2130
2228 2179 2227
2228 2227 2179
2275 2227 2274
2275 2274 2227
2321 2274 2320
2321 2320 2274
2366 2320 2365
2366 2365 2320
2366 2410 2365
2411 2410 2366
2454 2410 2453
2454 2453 2410
2454 2496 2453
2454 2497 2496
2455 2497 2454
2498 2497 2455
2498 2539 2497
2540 2539 2498
2540 2580 2539
2540 2581 2580
2541 2581 2540
2541 2582 2581
2542 2582 2541
2583 2582 2542
2583 2622 2582
2623 2622 2583
2623 2661 2622
2623 2662 2661
2623 2624 2584
2584 2624 2623
2584 2585 2544
2544 2585 2584
2545 2585 2544
2545 2586 2585
2545 2546 2504
2504 2546 2545
2505 2546 2504
2505 2547 2546
2505 2506 2463
2463 2506 2505
2464 2506 2463
2464 2507 2506
2464 2465 2421
2421 2465 2464
2422 2465 2421
2422 2466 2465
2423 2466 2422
2423 2467 2466
2423 2424 2379
2379 2424 2423
2380 2424 2379
2380 2425 2424
2381 2425 2380
2381 1787 2425
1786 1787 2381
1786 29356 29366
1786 29366 29356
1785 29366 29375
29375 29366 29365
29375 29365 29374
29375 29374 29365
29383 29374 29382
29382 29374 29373
29382 29373 29381
29381 29373 29372
29381 29372 29380
29380 29372 29371
29371 29372 29362
29371 29362 29361
29371 29361 29370
29371 29370 29361
29379 29370 29378
29379 29378 29370
29386 29378 29385
29386 29385 29378
29392 29385 29391
29391 29385 29384
29391 29384 27822
29391 27822 29384
27821 27822 29391
27821 29461 27822
29462 29461 27821
29462 29516 29461
29517 29516 29462
29517 29570 29516
29571 29570 29517
29571 29623 29570
29571 29624 29623
29572 29624 29571
29625 29624 29572
29625 29676 29624
29625 5131 29676
5132 5131 6669
6669 5131 6665
6669 6665 6664
6669 6664 6668
6668 6664 6663
6668 6663 6667
6668 6667 6663
6668 6671 6667
6672 6671 6668
6674 6671 6673
6673 6671 6670
6673 6670 3481
6673 3481 6670
3482 3481 5022
5022 3481 5020
5020 3481 5022
5020 3480 5017
5020 5017 5016
5016 5017 5012
5012 5017 5016
5012 5013 5007
5007 5013 5012
5007 5008 5001
5001 5008 5007
5001 5002 4994
5001 4994 4993
4993 4994 4985
4985 4994 4993
4985 4986 4976
4985 4976 4975
4985 4975 4984
4984 4975 4974
4984 4974 4983
4983 4974 4973
4983 4973 4982
4982 4973 4972
4982 4972 4981
4981 4972 4971
4971 4972 4961
4971 4961 4960
4971 4960 4970
4970 4960 4959
4959 4960 4948
4959 4948 4947
4959 4947 4958
4958 4947 4946
4958 4946 1764
1764 4946 1763
</Vertices>
                <Weights>0.67 0.33 0
0.67 0.33 0
0.67 0.33 0
0.67 0.33 0
0.67 0.33 0
0.67 0.33 0
0.67 0.33 0
0.67 0.33 0
0.67 0.33 0
0.67 0.33 0
0.67 0.33 0
0.67 0.33 0
0.67 0.33 0
0.67 0.33 0
0.67 0.33 0
0.67 0.33 0
0.67 0.33 0
0.67 0.33 0
0.67 0.33 0
0.67 0.33 0
0.67 0.33 0
0.67 0.33 0
0.67 0.33 0
0.67 0.33 0
0.67 0.33 0
0.67 0.33 0
0.67 0.33 0
0.67 0.33 0
0.67 0.33 0
0.67 0.33 0
0.67 0.33 0
0.67 0.33 0
0.67 0.33 0
0.67 0.33 0
0.67 0.33 0
0.67 0.33 0
0.67 0.33 0
0.67 0.33 0
0.67 0.33 0
0.67 0.33 0
0.67 0.33 0
0.67 0.33 0
0.67 0.33 0
0.67 0.33 0
0.67 0.33 0
0.67 0.33 0
0.67 0.33 0
0.67 0.33 0
0.67 0.33 0
0.67 0.33 0
0.67 0.33 0
0.67 0.33 0
0.67 0.33 0
0.67 0.33 0
0.67 0.33 0
0.67 0.33 0
0.67 0.33 0
0.67 0.33 0
0.67 0.33 0
0.67 0.33 0
0.67 0.33 0
0.67 0.33 0
0.67 0.33 0
0.67 0.33 0
0.67 0.33 0
0.67 0.33 0
0.67 0.33 0
0.67 0.33 0
0.67 0.33 0
0.67 0.33 0
0.67 0.33 0
0.67 0.33 0
0.67 0.33 0
0.67 0.33 0
0.67 0.33 0
0.67 0.33 0
0.67 0.33 0
0.67 0.33 0
0.67 0.33 0
0.67 0.33 0
0.67 0.33 0
0.67 0.33 0
0.67 0.33 0
0.67 0.33 0
0.67 0.33 0
0.67 0.33 0
0.67 0.33 0
0.67 0.33 0
0.67 0.33 0
0.67 0.33 0
0.67 0.33 0
0.67 0.33 0
0.67 0.33 0
0.67 0.33 0
0.67 0.33 0
0.67 0.33 0
0.67 0.33 0
0.67 0.33 0
0.67 0.33 0
0.67 0.33 0
0.67 0.33 0
0.67 0.33 0
0.67 0.33 0
0.67 0.33 0
0.67 0.33 0
0.67 0.33 0
0.67 0.33 0
0.67 0.33 0
0.67 0.33 0
0.67 0.33 0
0.67 0.33 0
0.67 0.33 0
0.67 0.33 0
0.67 0.33 0
0.67 0.33 0
0.67 0.33 0
0.67 0.33 0
0.67 0.33 0
0.67 0.33 0
0.67 0.33 0
0.67 0.33 0
0.67 0.33 0
0.67 0.33 0
0.67 0.33 0
0.67 0.33 0
0.67 0.33 0
0.67 0.33 0
0.67 0.33 0
0.67 0.33 0
0.67 0.33 0
0.67 0.33 0
0.67 0.33 0
0.67 0.33 0
0.67 0.33 0
0.67 0.33 0
0.67 0.33 0
0.67 0.33 0
0.67 0.33 0
0.67 0.33 0
0.67 0.33 0
0.67 0.33 0
0.67 0.33 0
0.67 0.33 0
0.67 0.33 0
0.67 0.33 0
0.67 0.33 0
0.67 0.33 0
0.67 0.33 0
0.67 0.33 0
0.67 0.33 0
0.67 0.33 0
0.67 0.33 0
0.67 0.33 0
0.67 0.33 0
0.67 0.33 0
0.67 0.33 0
0.67 0.33 0
0.67 0.33 0
0.67 0.33 0
0.67 0.33 0
0.67 0.33 0
0.67 0.33 0
0.67 0.33 0
</Weights>
            </BorderPart>
        </Border>
        <Border Name="R_A8dl_R" Red="0" Green="0.964706" Blue="1">
            <BorderPart Closed="True">
                <Vertices>5115 5114 6465
5115 6465 6485
5115 6485 6465
5116 6485 6504
5116 6504 6485
5117 6504 6522
5117 6522 6504
5118 6522 6539
5118 6539 6522
5119 6539 6555
6555 6539 6538
6555 6538 6554
6555 6554 6538
6570 6554 6569
6570 6569 6554
6584 6569 6583
6584 6583 6569
6584 6597 6583
5122 6597 6584
5123 6597 6609
5123 6609 6597
5124 6609 6620
5124 6620 6609
5125 6620 6630
5125 6630 6620
5126 6630 6639
5126 6639 6630
5127 6639 6647
5127 6647 6639
5128 6647 6654
5128 6654 6647
5129 6654 6660
5129 6660 6654
5130 6660 6665
6665 6660 6659
6665 6659 6664
6665 6664 6659
6665 6669 6664
5131 6669 6665
5131 5132 6669
5131 29625 29676
29676 29625 29624
29624 29625 29572
29624 29572 29571
29624 29571 29623
29623 29571 29570
29570 29571 29517
29570 29517 29516
29516 29517 29462
29516 29462 29461
29461 29462 27821
29461 27821 27822
27822 27821 29391
27822 29391 29384
27822 29384 27823
27823 29384 29376
27823 29376 27824
27823 27824 29376
29459 27824 29458
29458 27824 27825
29458 27825 29457
29458 29457 27825
29512 29457 29511
29511 29457 29456
29511 29456 29510
29510 29456 29455
29510 29455 29509
29510 29509 29455
29563 29509 29562
29562 29509 29508
29562 29508 29561
29561 29508 29507
29561 29507 29560
29560 29507 29506
29560 29506 29559
29559 29506 29505
29559 29505 29558
29558 29505 29504
29558 29504 29557
29558 29557 29504
29610 29557 29609
29609 29557 29556
29609 29556 29608
29609 29608 29556
29660 29608 29659
29659 29608 29607
29659 29607 29658
29659 29658 29607
29709 29658 29708
29709 29708 29658
29758 29708 29757
29757 29708 29707
29757 29707 29756
29757 29756 29707
29805 29756 29804
29805 29804 29756
29805 29852 29804
29853 29852 29805
29853 29899 29852
29900 29899 29853
29900 29945 29899
29946 29945 29900
29946 29990 29945
29991 29990 29946
30034 29990 30033
30033 29990 29989
30033 29989 30032
30033 30032 29989
30033 30075 30032
30076 30075 30033
30076 30117 30075
30118 30117 30076
30118 30158 30117
30159 30158 30118
30159 30198 30158
30199 30198 30159
30199 30237 30198
30238 30237 30199
30238 30275 30237
30238 30276 30275
30239 30276 30238
30239 30277 30276
30240 30277 30239
30240 30278 30277
30241 30278 30240
30241 30279 30278
30242 30279 30241
30242 30280 30279
30243 30280 30242
30281 30280 30243
30281 30317 30280
30318 30317 30281
30318 30353 30317
30318 30354 30353
30319 30354 30318
30319 30355 30354
30320 30355 30319
30356 30355 30320
30356 30390 30355
30356 5114 30390
</Vertices>
                <Weights>0.67 0.33 0
0.67 0.33 0
0.67 0.33 0
0.67 0.33 0
0.67 0.33 0
0.67 0.33 0
0.67 0.33 0
0.67 0.33 0
0.67 0.33 0
0.67 0.33 0
0.67 0.33 0
0.67 0.33 0
0.67 0.33 0
0.67 0.33 0
0.67 0.33 0
0.67 0.33 0
0.67 0.33 0
0.67 0.33 0
0.67 0.33 0
0.67 0.33 0
0.67 0.33 0
0.67 0.33 0
0.67 0.33 0
0.67 0.33 0
0.67 0.33 0
0.67 0.33 0
0.67 0.33 0
0.67 0.33 0
0.67 0.33 0
0.67 0.33 0
0.67 0.33 0
0.67 0.33 0
0.67 0.33 0
0.67 0.33 0
0.67 0.33 0
0.67 0.33 0
0.67 0.33 0
0.67 0.33 0
0.67 0.33 0
0.67 0.33 0
0.67 0.33 0
0.67 0.33 0
0.67 0.33 0
0.67 0.33 0
0.67 0.33 0
0.67 0.33 0
0.67 0.33 0
0.67 0.33 0
0.67 0.33 0
0.67 0.33 0
0.67 0.33 0
0.67 0.33 0
0.67 0.33 0
0.67 0.33 0
0.67 0.33 0
0.67 0.33 0
0.67 0.33 0
0.67 0.33 0
0.67 0.33 0
0.67 0.33 0
0.67 0.33 0
0.67 0.33 0
0.67 0.33 0
0.67 0.33 0
0.67 0.33 0
0.67 0.33 0
0.67 0.33 0
0.67 0.33 0
0.67 0.33 0
0.67 0.33 0
0.67 0.33 0
0.67 0.33 0
0.67 0.33 0
0.67 0.33 0
0.67 0.33 0
0.67 0.33 0
0.67 0.33 0
0.67 0.33 0
0.67 0.33 0
0.67 0.33 0
0.67 0.33 0
0.67 0.33 0
0.67 0.33 0
0.67 0.33 0
0.67 0.33 0
0.67 0.33 0
0.67 0.33 0
0.67 0.33 0
0.67 0.33 0
0.67 0.33 0
0.67 0.33 0
0.67 0.33 0
0.67 0.33 0
0.67 0.33 0
0.67 0.33 0
0.67 0.33 0
0.67 0.33 0
0.67 0.33 0
0.67 0.33 0
0.67 0.33 0
0.67 0.33 0
0.67 0.33 0
0.67 0.33 0
0.67 0.33 0
0.67 0.33 0
0.67 0.33 0
0.67 0.33 0
0.67 0.33 0
0.67 0.33 0
0.67 0.33 0
0.67 0.33 0
0.67 0.33 0
0.67 0.33 0
0.67 0.33 0
0.67 0.33 0
0.67 0.33 0
0.67 0.33 0
0.67 0.33 0
0.67 0.33 0
0.67 0.33 0
0.67 0.33 0
0.67 0.33 0
0.67 0.33 0
0.67 0.33 0
0.67 0.33 0
0.67 0.33 0
0.67 0.33 0
0.67 0.33 0
0.67 0.33 0
0.67 0.33 0
0.67 0.33 0
0.67 0.33 0
0.67 0.33 0
0.67 0.33 0
0.67 0.33 0
0.67 0.33 0
0.67 0.33 0
0.67 0.33 0
0.67 0.33 0
0.67 0.33 0
</Weights>
            </BorderPart>
        </Border>
        <Border Name="R_A9l_R" Red="1" Green="0.862745" Blue="0.482353">
            <BorderPart Closed="True">
                <Vertices>27824 27823 29376
29376 27823 27824
29384 27823 29376
29384 27822 27823
29384 29391 27822
29385 29391 29384
29385 29392 29391
29385 29386 29378
29378 29386 29385
29378 29379 29370
29370 29379 29378
29370 29371 29361
29370 29361 29360
29360 29361 29350
29350 29361 29360
29350 29351 29339
29350 29339 29338
29338 29339 29326
29326 29339 29338
29326 29327 29313
29326 29313 29312
29312 29313 29298
29298 29313 29312
29298 29299 29283
29298 29283 29282
29282 29283 29266
29266 29283 29282
29266 29267 29249
29266 29249 29248
29248 29249 29230
29230 29249 29248
29230 29231 29211
29230 29211 29210
29210 29211 29190
29210 29190 29189
29189 29190 29168
29168 29190 29189
29168 29169 29146
29168 29146 29145
29145 29146 29122
29145 29122 29121
29121 29122 29097
29097 29122 29121
29097 29098 29072
29072 29098 29097
29072 29073 29046
29072 29046 29045
29045 29046 29018
29045 29018 29017
29017 29018 28989
29017 28989 28988
28988 28989 28959
28988 28959 28958
28958 28959 28928
28958 28928 28927
28927 28928 28896
28896 28928 28927
28896 28897 28864
28896 28864 28863
28896 28863 28895
28895 28863 28862
28862 28863 28829
28862 28829 28828
28828 28829 28794
28828 28794 28793
28793 28794 28758
28793 28758 28757
28757 28758 28721
28757 28721 28720
28757 28720 28756
28756 28720 28719
28719 28720 28682
28719 28682 28681
28719 28681 28718
28718 28681 28680
28718 28680 28717
28718 28717 28680
28754 28717 28753
28754 28753 28717
28789 28753 28788
28789 28788 28753
28789 28823 28788
28824 28823 28789
28857 28823 28856
28857 28856 28823
28857 28889 28856
28890 28889 28857
28921 28889 28920
28921 28920 28889
28951 28920 28950
28951 28950 28920
28951 28980 28950
28981 28980 28951
29009 28980 29008
29009 29008 28980
29009 29036 29008
29037 29036 29009
29063 29036 29062
29062 29036 29035
29062 29035 29061
29062 29061 29035
29087 29061 27841
27841 29061 27842
27841 27842 29061
27841 29441 27842
29442 29441 27841
29442 29496 29441
29497 29496 29442
29497 29550 29496
29551 29550 29497
29551 29603 29550
29604 29603 29551
29604 29655 29603
29656 29655 29604
29656 29706 29655
29707 29706 29656
29707 29756 29706
29707 29757 29756
29708 29757 29707
29708 29758 29757
29708 29709 29658
29658 29709 29708
29658 29659 29607
29607 29659 29658
29608 29659 29607
29608 29660 29659
29608 29609 29556
29556 29609 29608
29557 29609 29556
29557 29610 29609
29557 29558 29504
29504 29558 29557
29505 29558 29504
29505 29559 29558
29506 29559 29505
29506 29560 29559
29507 29560 29506
29507 29561 29560
29508 29561 29507
29508 29562 29561
29509 29562 29508
29509 29563 29562
29509 29510 29455
29455 29510 29509
29456 29510 29455
29456 29511 29510
29457 29511 29456
29457 29512 29511
29457 29458 27825
27825 29458 29457
27824 29458 27825
27824 29459 29458
</Vertices>
                <Weights>0.67 0.33 0
0.67 0.33 0
0.67 0.33 0
0.67 0.33 0
0.67 0.33 0
0.67 0.33 0
0.67 0.33 0
0.67 0.33 0
0.67 0.33 0
0.67 0.33 0
0.67 0.33 0
0.67 0.33 0
0.67 0.33 0
0.67 0.33 0
0.67 0.33 0
0.67 0.33 0
0.67 0.33 0
0.67 0.33 0
0.67 0.33 0
0.67 0.33 0
0.67 0.33 0
0.67 0.33 0
0.67 0.33 0
0.67 0.33 0
0.67 0.33 0
0.67 0.33 0
0.67 0.33 0
0.67 0.33 0
0.67 0.33 0
0.67 0.33 0
0.67 0.33 0
0.67 0.33 0
0.67 0.33 0
0.67 0.33 0
0.67 0.33 0
0.67 0.33 0
0.67 0.33 0
0.67 0.33 0
0.67 0.33 0
0.67 0.33 0
0.67 0.33 0
0.67 0.33 0
0.67 0.33 0
0.67 0.33 0
0.67 0.33 0
0.67 0.33 0
0.67 0.33 0
0.67 0.33 0
0.67 0.33 0
0.67 0.33 0
0.67 0.33 0
0.67 0.33 0
0.67 0.33 0
0.67 0.33 0
0.67 0.33 0
0.67 0.33 0
0.67 0.33 0
0.67 0.33 0
0.67 0.33 0
0.67 0.33 0
0.67 0.33 0
0.67 0.33 0
0.67 0.33 0
0.67 0.33 0
0.67 0.33 0
0.67 0.33 0
0.67 0.33 0
0.67 0.33 0
0.67 0.33 0
0.67 0.33 0
0.67 0.33 0
0.67 0.33 0
0.67 0.33 0
0.67 0.33 0
0.67 0.33 0
0.67 0.33 0
0.67 0.33 0
0.67 0.33 0
0.67 0.33 0
0.67 0.33 0
0.67 0.33 0
0.67 0.33 0
0.67 0.33 0
0.67 0.33 0
0.67 0.33 0
0.67 0.33 0
0.67 0.33 0
0.67 0.33 0
0.67 0.33 0
0.67 0.33 0
0.67 0.33 0
0.67 0.33 0
0.67 0.33 0
0.67 0.33 0
0.67 0.33 0
0.67 0.33 0
0.67 0.33 0
0.67 0.33 0
0.67 0.33 0
0.67 0.33 0
0.67 0.33 0
0.67 0.33 0
0.67 0.33 0
0.67 0.33 0
0.67 0.33 0
0.67 0.33 0
0.67 0.33 0
0.67 0.33 0
0.67 0.33 0
0.67 0.33 0
0.67 0.33 0
0.67 0.33 0
0.67 0.33 0
0.67 0.33 0
0.67 0.33 0
0.67 0.33 0
0.67 0.33 0
0.67 0.33 0
0.67 0.33 0
0.67 0.33 0
0.67 0.33 0
0.67 0.33 0
0.67 0.33 0
0.67 0.33 0
0.67 0.33 0
0.67 0.33 0
0.67 0.33 0
0.67 0.33 0
0.67 0.33 0
0.67 0.33 0
0.67 0.33 0
0.67 0.33 0
0.67 0.33 0
0.67 0.33 0
0.67 0.33 0
0.67 0.33 0
0.67 0.33 0
0.67 0.33 0
0.67 0.33 0
0.67 0.33 0
0.67 0.33 0
0.67 0.33 0
0.67 0.33 0
0.67 0.33 0
0.67 0.33 0
0.67 0.33 0
0.67 0.33 0
0.67 0.33 0
0.67 0.33 0
0.67 0.33 0
0.67 0.33 0
0.67 0.33 0
</Weights>
            </BorderPart>
        </Border>
        <Border Name="R_A6dl_R" Red="0" Green="0.415686" Blue="0.0352941">
            <BorderPart Closed="True">
                <Vertices>3470 3469 4932
3470 4932 4945
3470 4945 4932
3471 4945 4957
3471 4957 4945
3472 4957 4968
4968 4957 4956
4968 4956 4967
4968 4967 4956
4978 4967 4977
4978 4977 4967
4987 4977 4986
4987 4986 4977
4995 4986 4994
4994 4986 4985
4994 4985 4993
4994 4993 4985
4994 5001 4993
5002 5001 4994
5008 5001 5007
5008 5007 5001
5013 5007 5012
5013 5012 5007
5017 5012 5016
5017 5016 5012
5017 5020 5016
3480 5020 5017
3481 5020 5022
3481 5022 5020
3481 3482 5022
3481 6673 6670
6670 6673 3481
6671 6673 6670
6671 6674 6673
6671 6672 6668
6671 6668 6667
6667 6668 6663
6663 6668 6667
6664 6668 6663
6664 6669 6668
6664 6665 6659
6659 6665 6664
6660 6665 6659
6660 5130 6665
6660 5129 6654
6654 5129 6660
6654 5128 6647
6647 5128 6654
6647 5127 6639
6639 5127 6647
6639 5126 6630
6630 5126 6639
6630 5125 6620
6620 5125 6630
6620 5124 6609
6609 5124 6620
6609 5123 6597
6597 5123 6609
6597 5122 6584
6597 6584 6583
6583 6584 6569
6569 6584 6583
6569 6570 6554
6554 6570 6569
6554 6555 6538
6538 6555 6554
6539 6555 6538
6539 5119 6555
6539 5118 6522
6522 5118 6539
6522 5117 6504
6504 5117 6522
6504 5116 6485
6485 5116 6504
6485 5115 6465
6465 5115 6485
5114 5115 6465
5114 30356 30390
5114 30390 30356
5114 5113 6444
6444 5113 6422
6422 5113 6444
6422 5112 6399
6422 6399 6398
6398 6399 6374
6374 6399 6398
6374 6375 6349
6374 6349 6348
6348 6349 6322
6322 6349 6348
6322 6323 6295
6322 6295 6294
6294 6295 6266
6294 6266 6265
6265 6266 6236
6236 6266 6265
6236 6237 6206
6236 6206 6205
6236 6205 6235
6236 6235 6205
6265 6235 6264
6264 6235 6234
6264 6234 6263
6264 6263 6234
6292 6263 6291
6291 6263 6262
6291 6262 6290
6291 6290 6262
6318 6290 6317
6317 6290 6289
6317 6289 6316
6317 6316 6289
6343 6316 6342
6342 6316 6315
6342 6315 6341
6342 6341 6315
6367 6341 6366
6366 6341 6340
6366 6340 6365
6366 6365 6340
6390 6365 6389
6389 6365 6364
6389 6364 6388
6389 6388 6364
6412 6388 6411
6411 6388 6387
6411 6387 6410
6411 6410 6387
6433 6410 6432
6432 6410 6409
6409 6410 6386
6409 6386 6385
6409 6385 6408
6408 6385 6384
6384 6385 6360
6384 6360 6359
6384 6359 6383
6384 6383 6359
6407 6383 6406
6406 6383 6382
6406 6382 6405
6406 6405 6382
6428 6405 6427
6428 6427 6405
6428 6449 6427
6450 6449 6428
6450 6470 6449
6471 6470 6450
6490 6470 6489
6490 6489 6470
6490 6508 6489
6509 6508 6490
6526 6508 6525
6525 6508 6507
6525 6507 6524
6525 6524 6507
6525 6541 6524
6542 6541 6525
6557 6541 6556
6557 6556 6541
6571 6556 3469
6571 3469 6556
</Vertices>
                <Weights>0.67 0.33 0
0.67 0.33 0
0.67 0.33 0
0.67 0.33 0
0.67 0.33 0
0.67 0.33 0
0.67 0.33 0
0.67 0.33 0
0.67 0.33 0
0.67 0.33 0
0.67 0.33 0
0.67 0.33 0
0.67 0.33 0
0.67 0.33 0
0.67 0.33 0
0.67 0.33 0
0.67 0.33 0
0.67 0.33 0
0.67 0.33 0
0.67 0.33 0
0.67 0.33 0
0.67 0.33 0
0.67 0.33 0
0.67 0.33 0
0.67 0.33 0
0.67 0.33 0
0.67 0.33 0
0.67 0.33 0
0.67 0.33 0
0.67 0.33 0
0.67 0.33 0
0.67 0.33 0
0.67 0.33 0
0.67 0.33 0
0.67 0.33 0
0.67 0.33 0
0.67 0.33 0
0.67 0.33 0
0.67 0.33 0
0.67 0.33 0
0.67 0.33 0
0.67 0.33 0
0.67 0.33 0
0.67 0.33 0
0.67 0.33 0
0.67 0.33 0
0.67 0.33 0
0.67 0.33 0
0.67 0.33 0
0.67 0.33 0
0.67 0.33 0
0.67 0.33 0
0.67 0.33 0
0.67 0.33 0
0.67 0.33 0
0.67 0.33 0
0.67 0.33 0
0.67 0.33 0
0.67 0.33 0
0.67 0.33 0
0.67 0.33 0
0.67 0.33 0
0.67 0.33 0
0.67 0.33 0
0.67 0.33 0
0.67 0.33 0
0.67 0.33 0
0.67 0.33 0
0.67 0.33 0
0.67 0.33 0
0.67 0.33 0
0.67 0.33 0
0.67 0.33 0
0.67 0.33 0
0.67 0.33 0
0.67 0.33 0
0.67 0.33 0
0.67 0.33 0
0.67 0.33 0
0.67 0.33 0
0.67 0.33 0
0.67 0.33 0
0.67 0.33 0
0.67 0.33 0
0.67 0.33 0
0.67 0.33 0
0.67 0.33 0
0.67 0.33 0
0.67 0.33 0
0.67 0.33 0
0.67 0.33 0
0.67 0.33 0
0.67 0.33 0
0.67 0.33 0
0.67 0.33 0
0.67 0.33 0
0.67 0.33 0
0.67 0.33 0
0.67 0.33 0
0.67 0.33 0
0.67 0.33 0
0.67 0.33 0
0.67 0.33 0
0.67 0.33 0
0.67 0.33 0
0.67 0.33 0
0.67 0.33 0
0.67 0.33 0
0.67 0.33 0
0.67 0.33 0
0.67 0.33 0
0.67 0.33 0
0.67 0.33 0
0.67 0.33 0
0.67 0.33 0
0.67 0.33 0
0.67 0.33 0
0.67 0.33 0
0.67 0.33 0
0.67 0.33 0
0.67 0.33 0
0.67 0.33 0
0.67 0.33 0
0.67 0.33 0
0.67 0.33 0
0.67 0.33 0
0.67 0.33 0
0.67 0.33 0
0.67 0.33 0
0.67 0.33 0
0.67 0.33 0
0.67 0.33 0
0.67 0.33 0
0.67 0.33 0
0.67 0.33 0
0.67 0.33 0
0.67 0.33 0
0.67 0.33 0
0.67 0.33 0
0.67 0.33 0
0.67 0.33 0
0.67 0.33 0
0.67 0.33 0
0.67 0.33 0
0.67 0.33 0
0.67 0.33 0
0.67 0.33 0
0.67 0.33 0
0.67 0.33 0
0.67 0.33 0
0.67 0.33 0
0.67 0.33 0
0.67 0.33 0
0.67 0.33 0
0.67 0.33 0
0.67 0.33 0
0.67 0.33 0
0.67 0.33 0
0.67 0.33 0
0.67 0.33 0
0.67 0.33 0
0.67 0.33 0
</Weights>
            </BorderPart>
        </Border>
        <Border Name="R_A6m_R" Red="0.243137" Green="0" Blue="0.415686">
            <BorderPart Closed="True">
                <Vertices>1749 1748 1860
1860 1748 1859
1860 1859 1748
1914 1859 1913
1914 1913 1859
1914 1967 1913
1914 1968 1967
1915 1968 1914
1969 1968 1915
2021 1968 2020
2021 2020 1968
2021 2072 2020
2073 2072 2021
2123 2072 2122
2123 2122 2072
2123 2172 2122
2173 2172 2123
2173 2221 2172
2173 2222 2221
2174 2222 2173
2174 2223 2222
2175 2223 2174
2224 2223 2175
2224 2271 2223
2272 2271 2224
2272 2318 2271
2272 2319 2318
2273 2319 2272
2320 2319 2273
2320 2365 2319
2320 2366 2365
2320 2321 2274
2274 2321 2320
2274 2275 2227
2227 2275 2274
2227 2228 2179
2179 2228 2227
2179 2180 2130
2130 2180 2179
2130 2131 2080
2080 2131 2130
2081 2131 2080
2081 2132 2131
2081 2082 2030
2030 2082 2081
2031 2082 2030
2031 2083 2082
2031 2032 1979
1979 2032 2031
1979 1980 1926
1926 1980 1979
1927 1980 1926
1927 1981 1980
1927 1928 1873
1873 1928 1927
1874 1928 1873
1874 1929 1928
1874 1875 1763
1763 1875 1874
1763 1764 1875
4946 1764 1763
4946 4958 1764
4947 4958 4946
4947 4959 4958
4948 4959 4947
4960 4959 4948
4960 4970 4959
4960 4971 4970
4961 4971 4960
4972 4971 4961
4972 4981 4971
4972 4982 4981
4973 4982 4972
4973 4983 4982
4974 4983 4973
4974 4984 4983
4975 4984 4974
4975 4985 4984
4976 4985 4975
4986 4985 4976
4986 4994 4985
4986 4995 4994
4986 4987 4977
4977 4987 4986
4977 4978 4967
4967 4978 4977
4967 4968 4956
4956 4968 4967
4957 4968 4956
4957 3472 4968
4957 3471 4945
4945 3471 4957
4945 3470 4932
4932 3470 4945
3469 3470 4932
3469 6571 6556
6556 6571 3469
6556 6557 6541
6541 6557 6556
6541 6542 6525
6541 6525 6524
6524 6525 6507
6507 6525 6524
6508 6525 6507
6508 6526 6525
6508 6509 6490
6508 6490 6489
6489 6490 6470
6470 6490 6489
6470 6471 6450
6470 6450 6449
6449 6450 6428
6449 6428 6427
6449 6427 6448
6448 6427 6426
6448 6426 6447
6447 6426 6425
6447 6425 6446
6446 6425 6424
6446 6424 6445
6445 6424 6423
6445 6423 3462
3462 6423 3461
3462 3461 4792
3462 4792 4813
4813 4792 4791
4813 4791 4812
4813 4812 4791
4833 4812 4832
4832 4812 4811
4811 4812 4790
4811 4790 4789
4811 4789 4810
4810 4789 4788
4810 4788 4809
4809 4788 4787
4809 4787 4808
4808 4787 4786
4808 4786 4807
4807 4786 4785
4785 4786 4763
4785 4763 4762
4785 4762 4784
4784 4762 4761
4761 4762 4738
4761 4738 4737
4761 4737 4760
4761 4760 4737
4783 4760 4782
4782 4760 4759
4782 4759 4781
4781 4759 4758
4781 4758 4780
4780 4758 4757
4780 4757 4779
4779 4757 4756
4756 4757 4733
4756 4733 4732
4756 4732 4755
4755 4732 4731
4755 4731 4754
4754 4731 4730
4730 4731 4706
4730 4706 4705
4730 4705 4729
4729 4705 4704
4729 4704 4728
4728 4704 4703
4703 4704 4678
4703 4678 4677
4703 4677 4702
4702 4677 4676
4676 4677 4650
4676 4650 4649
4676 4649 4675
4675 4649 4648
4648 4649 4621
4648 4621 4620
4648 4620 4647
4648 4647 4620
4674 4647 4673
4673 4647 4646
4673 4646 1749
1749 4646 1748
</Vertices>
                <Weights>0.67 0.33 0
0.67 0.33 0
0.67 0.33 0
0.67 0.33 0
0.67 0.33 0
0.67 0.33 0
0.67 0.33 0
0.67 0.33 0
0.67 0.33 0
0.67 0.33 0
0.67 0.33 0
0.67 0.33 0
0.67 0.33 0
0.67 0.33 0
0.67 0.33 0
0.67 0.33 0
0.67 0.33 0
0.67 0.33 0
0.67 0.33 0
0.67 0.33 0
0.67 0.33 0
0.67 0.33 0
0.67 0.33 0
0.67 0.33 0
0.67 0.33 0
0.67 0.33 0
0.67 0.33 0
0.67 0.33 0
0.67 0.33 0
0.67 0.33 0
0.67 0.33 0
0.67 0.33 0
0.67 0.33 0
0.67 0.33 0
0.67 0.33 0
0.67 0.33 0
0.67 0.33 0
0.67 0.33 0
0.67 0.33 0
0.67 0.33 0
0.67 0.33 0
0.67 0.33 0
0.67 0.33 0
0.67 0.33 0
0.67 0.33 0
0.67 0.33 0
0.67 0.33 0
0.67 0.33 0
0.67 0.33 0
0.67 0.33 0
0.67 0.33 0
0.67 0.33 0
0.67 0.33 0
0.67 0.33 0
0.67 0.33 0
0.67 0.33 0
0.67 0.33 0
0.67 0.33 0
0.67 0.33 0
0.67 0.33 0
0.67 0.33 0
0.67 0.33 0
0.67 0.33 0
0.67 0.33 0
0.67 0.33 0
0.67 0.33 0
0.67 0.33 0
0.67 0.33 0
0.67 0.33 0
0.67 0.33 0
0.67 0.33 0
0.67 0.33 0
0.67 0.33 0
0.67 0.33 0
0.67 0.33 0
0.67 0.33 0
0.67 0.33 0
0.67 0.33 0
0.67 0.33 0
0.67 0.33 0
0.67 0.33 0
0.67 0.33 0
0.67 0.33 0
0.67 0.33 0
0.67 0.33 0
0.67 0.33 0
0.67 0.33 0
0.67 0.33 0
0.67 0.33 0
0.67 0.33 0
0.67 0.33 0
0.67 0.33 0
0.67 0.33 0
0.67 0.33 0
0.67 0.33 0
0.67 0.33 0
0.67 0.33 0
0.67 0.33 0
0.67 0.33 0
0.67 0.33 0
0.67 0.33 0
0.67 0.33 0
0.67 0.33 0
0.67 0.33 0
0.67 0.33 0
0.67 0.33 0
0.67 0.33 0
0.67 0.33 0
0.67 0.33 0
0.67 0.33 0
0.67 0.33 0
0.67 0.33 0
0.67 0.33 0
0.67 0.33 0
0.67 0.33 0
0.67 0.33 0
0.67 0.33 0
0.67 0.33 0
0.67 0.33 0
0.67 0.33 0
0.67 0.33 0
0.67 0.33 0
0.67 0.33 0
0.67 0.33 0
0.67 0.33 0
0.67 0.33 0
0.67 0.33 0
0.67 0.33 0
0.67 0.33 0
0.67 0.33 0
0.67 0.33 0
0.67 0.33 0
0.67 0.33 0
0.67 0.33 0
0.67 0.33 0
0.67 0.33 0
0.67 0.33 0
0.67 0.33 0
0.67 0.33 0
0.67 0.33 0
0.67 0.33 0
0.67 0.33 0
0.67 0.33 0
0.67 0.33 0
0.67 0.33 0
0.67 0.33 0
0.67 0.33 0
0.67 0.33 0
0.67 0.33 0
0.67 0.33 0
0.67 0.33 0
0.67 0.33 0
0.67 0.33 0
0.67 0.33 0
0.67 0.33 0
0.67 0.33 0
0.67 0.33 0
0.67 0.33 0
0.67 0.33 0
0.67 0.33 0
0.67 0.33 0
0.67 0.33 0
0.67 0.33 0
0.67 0.33 0
0.67 0.33 0
0.67 0.33 0
0.67 0.33 0
0.67 0.33 0
0.67 0.33 0
0.67 0.33 0
0.67 0.33 0
0.67 0.33 0
0.67 0.33 0
0.67 0.33 0
0.67 0.33 0
0.67 0.33 0
0.67 0.33 0
0.67 0.33 0
0.67 0.33 0
0.67 0.33 0
0.67 0.33 0
0.67 0.33 0
0.67 0.33 0
0.67 0.33 0
</Weights>
            </BorderPart>
        </Border>
        <Border Name="R_A9m_R" Red="0.552941" Green="1" Blue="0.619608">
            <BorderPart Closed="True">
                <Vertices>1787 1786 2381
1787 2381 2425
2425 2381 2380
2425 2380 2424
2424 2380 2379
2424 2379 2423
2424 2423 2379
2467 2423 2466
2466 2423 2422
2466 2422 2465
2465 2422 2421
2465 2421 2464
2465 2464 2421
2507 2464 2506
2506 2464 2463
2506 2463 2505
2506 2505 2463
2547 2505 2546
2546 2505 2504
2546 2504 2545
2546 2545 2504
2586 2545 2585
2585 2545 2544
2585 2544 2584
2585 2584 2544
2624 2584 2623
2624 2623 2584
2662 2623 2661
2662 2661 2623
2699 2661 2698
2699 2698 2661
2699 2735 2698
2736 2735 2699
2736 2771 2735
2772 2771 2736
2772 2806 2771
2807 2806 2772
2807 2840 2806
2841 2840 2807
2841 2873 2840
2874 2873 2841
2905 2873 2904
2905 2904 2873
2905 2935 2904
2936 2935 2905
2936 2965 2935
1802 2965 2936
1802 1803 2965
29060 1803 29033
29033 1803 29060
29033 1804 29005
29033 29005 29004
29004 29005 28975
28975 29005 29004
28975 28976 28945
28975 28945 28944
28944 28945 28913
28944 28913 28912
28912 28913 28880
28912 28880 28879
28912 28879 28911
28912 28911 28879
28943 28911 28942
28943 28942 28911
28973 28942 28972
28972 28942 28941
28972 28941 28971
28971 28941 28940
28971 28940 28970
28970 28940 28939
28939 28940 28908
28939 28908 28907
28939 28907 28938
28938 28907 28906
28938 28906 28937
28938 28937 28906
28968 28937 28967
28967 28937 28936
28967 28936 28966
28966 28936 28935
28966 28935 28965
28966 28965 28935
28995 28965 28994
28995 28994 28965
29023 28994 29022
29022 28994 28993
29022 28993 29021
29021 28993 28992
29021 28992 29020
29020 28992 28991
29020 28991 29019
29020 29019 28991
29047 29019 29046
29047 29046 29019
29073 29046 29072
29073 29072 29046
29098 29072 29097
29098 29097 29072
29122 29097 29121
29122 29121 29097
29122 29145 29121
29146 29145 29122
29146 29168 29145
29169 29168 29146
29190 29168 29189
29190 29189 29168
29190 29210 29189
29211 29210 29190
29211 29230 29210
29231 29230 29211
29249 29230 29248
29249 29248 29230
29249 29266 29248
29267 29266 29249
29283 29266 29282
29283 29282 29266
29283 29298 29282
29299 29298 29283
29313 29298 29312
29313 29312 29298
29313 29326 29312
29327 29326 29313
29339 29326 29338
29339 29338 29326
29339 29350 29338
29351 29350 29339
29361 29350 29360
29361 29360 29350
29361 29370 29360
29361 29371 29370
29362 29371 29361
29372 29371 29362
29372 29380 29371
29372 29381 29380
29373 29381 29372
29373 29382 29381
29374 29382 29373
29374 29383 29382
29374 29375 29365
29365 29375 29374
29366 29375 29365
29366 1785 29375
29366 1786 29356
29356 1786 29366
</Vertices>
                <Weights>0.67 0.33 0
0.67 0.33 0
0.67 0.33 0
0.67 0.33 0
0.67 0.33 0
0.67 0.33 0
0.67 0.33 0
0.67 0.33 0
0.67 0.33 0
0.67 0.33 0
0.67 0.33 0
0.67 0.33 0
0.67 0.33 0
0.67 0.33 0
0.67 0.33 0
0.67 0.33 0
0.67 0.33 0
0.67 0.33 0
0.67 0.33 0
0.67 0.33 0
0.67 0.33 0
0.67 0.33 0
0.67 0.33 0
0.67 0.33 0
0.67 0.33 0
0.67 0.33 0
0.67 0.33 0
0.67 0.33 0
0.67 0.33 0
0.67 0.33 0
0.67 0.33 0
0.67 0.33 0
0.67 0.33 0
0.67 0.33 0
0.67 0.33 0
0.67 0.33 0
0.67 0.33 0
0.67 0.33 0
0.67 0.33 0
0.67 0.33 0
0.67 0.33 0
0.67 0.33 0
0.67 0.33 0
0.67 0.33 0
0.67 0.33 0
0.67 0.33 0
0.67 0.33 0
0.67 0.33 0
0.67 0.33 0
0.67 0.33 0
0.67 0.33 0
0.67 0.33 0
0.67 0.33 0
0.67 0.33 0
0.67 0.33 0
0.67 0.33 0
0.67 0.33 0
0.67 0.33 0
0.67 0.33 0
0.67 0.33 0
0.67 0.33 0
0.67 0.33 0
0.67 0.33 0
0.67 0.33 0
0.67 0.33 0
0.67 0.33 0
0.67 0.33 0
0.67 0.33 0
0.67 0.33 0
0.67 0.33 0
0.67 0.33 0
0.67 0.33 0
0.67 0.33 0
0.67 0.33 0
0.67 0.33 0
0.67 0.33 0
0.67 0.33 0
0.67 0.33 0
0.67 0.33 0
0.67 0.33 0
0.67 0.33 0
0.67 0.33 0
0.67 0.33 0
0.67 0.33 0
0.67 0.33 0
0.67 0.33 0
0.67 0.33 0
0.67 0.33 0
0.67 0.33 0
0.67 0.33 0
0.67 0.33 0
0.67 0.33 0
0.67 0.33 0
0.67 0.33 0
0.67 0.33 0
0.67 0.33 0
0.67 0.33 0
0.67 0.33 0
0.67 0.33 0
0.67 0.33 0
0.67 0.33 0
0.67 0.33 0
0.67 0.33 0
0.67 0.33 0
0.67 0.33 0
0.67 0.33 0
0.67 0.33 0
0.67 0.33 0
0.67 0.33 0
0.67 0.33 0
0.67 0.33 0
0.67 0.33 0
0.67 0.33 0
0.67 0.33 0
0.67 0.33 0
0.67 0.33 0
0.67 0.33 0
0.67 0.33 0
0.67 0.33 0
0.67 0.33 0
0.67 0.33 0
0.67 0.33 0
0.67 0.33 0
0.67 0.33 0
0.67 0.33 0
0.67 0.33 0
0.67 0.33 0
0.67 0.33 0
0.67 0.33 0
0.67 0.33 0
0.67 0.33 0
0.67 0.33 0
0.67 0.33 0
0.67 0.33 0
0.67 0.33 0
0.67 0.33 0
0.67 0.33 0
0.67 0.33 0
0.67 0.33 0
0.67 0.33 0
0.67 0.33 0
0.67 0.33 0
0.67 0.33 0
0.67 0.33 0
</Weights>
            </BorderPart>
        </Border>
        <Border Name="R_A10m_R" Red="0.309804" Green="0.482353" Blue="0.552941">
            <BorderPart Closed="True">
                <Vertices>28206 28156 28205
28206 28205 28156
28254 28205 28253
28254 28253 28205
28301 28253 28300
28301 28300 28253
28347 28300 28346
28347 28346 28300
28392 28346 28391
28392 28391 28346
28392 28436 28391
28437 28436 28392
28437 28480 28436
28481 28480 28437
28523 28480 28522
28523 28522 28480
28564 28522 28563
28564 28563 28522
28564 28604 28563
28605 28604 28564
28644 28604 28643
28644 28643 28604
28682 28643 28681
28682 28681 28643
28682 28719 28681
28720 28719 28682
28720 28756 28719
28720 28757 28756
28721 28757 28720
28758 28757 28721
28758 28793 28757
28794 28793 28758
28794 28828 28793
28829 28828 28794
28829 28862 28828
28863 28862 28829
28863 28895 28862
28863 28896 28895
28864 28896 28863
28897 28896 28864
28928 28896 28927
28928 28927 28896
28928 28958 28927
28959 28958 28928
28959 28988 28958
28989 28988 28959
28989 29017 28988
29018 29017 28989
29018 29045 29017
29046 29045 29018
29046 29072 29045
29046 29073 29072
29046 29047 29019
29019 29047 29046
29019 29020 28991
28991 29020 29019
28992 29020 28991
28992 29021 29020
28993 29021 28992
28993 29022 29021
28994 29022 28993
28994 29023 29022
28994 28995 28965
28965 28995 28994
28965 28966 28935
28935 28966 28965
28936 28966 28935
28936 28967 28966
28937 28967 28936
28937 28968 28967
28937 28938 28906
28906 28938 28937
28907 28938 28906
28907 28939 28938
28908 28939 28907
28940 28939 28908
28940 28970 28939
28940 28971 28970
28941 28971 28940
28941 28972 28971
28942 28972 28941
28942 28973 28972
28942 28943 28911
28911 28943 28942
28911 28912 28879
28879 28912 28911
28879 28880 28846
28879 28846 28845
28845 28846 28811
28811 28846 28845
28811 28812 28776
28811 28776 28775
28775 28776 28739
28739 28776 28775
28739 28740 28702
28702 28740 28739
28702 28703 28664
28702 28664 28663
28663 28664 28624
28624 28664 28663
28624 28625 28584
28624 28584 28583
28583 28584 28542
28583 28542 28541
28541 28542 28499
28541 28499 28498
28498 28499 28455
28498 28455 28454
28498 28454 28497
28497 28454 28453
28497 28453 28496
28496 28453 28452
28452 28453 28408
28452 28408 28407
28407 28408 28362
28407 28362 28361
28361 28362 28315
28361 28315 28314
28361 28314 28360
28360 28314 28313
28360 28313 28359
28359 28313 28312
28312 28313 28265
28312 28265 28264
28312 28264 28311
28311 28264 28263
28311 28263 28310
28310 28263 28262
28310 28262 28309
28309 28262 28261
28261 28262 28213
28261 28213 28212
28261 28212 28260
28260 28212 28211
28211 28212 28162
28211 28162 28161
28211 28161 28210
28211 28210 28161
28259 28210 28258
28258 28210 28209
28258 28209 28257
28257 28209 28208
28257 28208 28256
28256 28208 28207
28256 28207 28255
28255 28207 28206
28206 28207 28157
28206 28157 28156
</Vertices>
                <Weights>0.67 0.33 0
0.67 0.33 0
0.67 0.33 0
0.67 0.33 0
0.67 0.33 0
0.67 0.33 0
0.67 0.33 0
0.67 0.33 0
0.67 0.33 0
0.67 0.33 0
0.67 0.33 0
0.67 0.33 0
0.67 0.33 0
0.67 0.33 0
0.67 0.33 0
0.67 0.33 0
0.67 0.33 0
0.67 0.33 0
0.67 0.33 0
0.67 0.33 0
0.67 0.33 0
0.67 0.33 0
0.67 0.33 0
0.67 0.33 0
0.67 0.33 0
0.67 0.33 0
0.67 0.33 0
0.67 0.33 0
0.67 0.33 0
0.67 0.33 0
0.67 0.33 0
0.67 0.33 0
0.67 0.33 0
0.67 0.33 0
0.67 0.33 0
0.67 0.33 0
0.67 0.33 0
0.67 0.33 0
0.67 0.33 0
0.67 0.33 0
0.67 0.33 0
0.67 0.33 0
0.67 0.33 0
0.67 0.33 0
0.67 0.33 0
0.67 0.33 0
0.67 0.33 0
0.67 0.33 0
0.67 0.33 0
0.67 0.33 0
0.67 0.33 0
0.67 0.33 0
0.67 0.33 0
0.67 0.33 0
0.67 0.33 0
0.67 0.33 0
0.67 0.33 0
0.67 0.33 0
0.67 0.33 0
0.67 0.33 0
0.67 0.33 0
0.67 0.33 0
0.67 0.33 0
0.67 0.33 0
0.67 0.33 0
0.67 0.33 0
0.67 0.33 0
0.67 0.33 0
0.67 0.33 0
0.67 0.33 0
0.67 0.33 0
0.67 0.33 0
0.67 0.33 0
0.67 0.33 0
0.67 0.33 0
0.67 0.33 0
0.67 0.33 0
0.67 0.33 0
0.67 0.33 0
0.67 0.33 0
0.67 0.33 0
0.67 0.33 0
0.67 0.33 0
0.67 0.33 0
0.67 0.33 0
0.67 0.33 0
0.67 0.33 0
0.67 0.33 0
0.67 0.33 0
0.67 0.33 0
0.67 0.33 0
0.67 0.33 0
0.67 0.33 0
0.67 0.33 0
0.67 0.33 0
0.67 0.33 0
0.67 0.33 0
0.67 0.33 0
0.67 0.33 0
0.67 0.33 0
0.67 0.33 0
0.67 0.33 0
0.67 0.33 0
0.67 0.33 0
0.67 0.33 0
0.67 0.33 0
0.67 0.33 0
0.67 0.33 0
0.67 0.33 0
0.67 0.33 0
0.67 0.33 0
0.67 0.33 0
0.67 0.33 0
0.67 0.33 0
0.67 0.33 0
0.67 0.33 0
0.67 0.33 0
0.67 0.33 0
0.67 0.33 0
0.67 0.33 0
0.67 0.33 0
0.67 0.33 0
0.67 0.33 0
0.67 0.33 0
0.67 0.33 0
0.67 0.33 0
0.67 0.33 0
0.67 0.33 0
0.67 0.33 0
0.67 0.33 0
0.67 0.33 0
0.67 0.33 0
0.67 0.33 0
0.67 0.33 0
0.67 0.33 0
0.67 0.33 0
0.67 0.33 0
0.67 0.33 0
0.67 0.33 0
0.67 0.33 0
0.67 0.33 0
0.67 0.33 0
0.67 0.33 0
0.67 0.33 0
0.67 0.33 0
0.67 0.33 0
0.67 0.33 0
0.67 0.33 0
</Weights>
            </BorderPart>
        </Border>
        <Border Name="R_A9/46d_R" Red="1" Green="0" Blue="0.415686">
            <BorderPart Closed="True">
                <Vertices>27842 27841 29061
27842 29061 29034
27842 29034 27843
27843 29034 29006
27843 29006 27844
27844 29006 28977
27844 28977 27845
27845 28977 28947
27845 28947 27846
27846 28947 28916
27846 28916 27847
27847 28916 28884
27847 28884 27848
27848 28884 28851
27848 28851 27849
27848 27849 28851
29434 27849 29433
29433 27849 27850
29433 27850 29432
29432 27850 27851
29432 27851 29431
29432 29431 27851
29486 29431 29485
29486 29485 29431
29539 29485 29538
29538 29485 29484
29538 29484 29537
29537 29484 29483
29537 29483 29536
29536 29483 29482
29536 29482 29535
29536 29535 29482
29588 29535 29587
29587 29535 29534
29587 29534 29586
29586 29534 29533
29586 29533 29585
29586 29585 29533
29637 29585 29636
29636 29585 29584
29636 29584 29635
29635 29584 29583
29635 29583 29634
29635 29634 29583
29635 29685 29634
29686 29685 29635
29686 29735 29685
29736 29735 29686
29784 29735 29783
29784 29783 29735
29831 29783 29830
29831 29830 29783
29831 29877 29830
29878 29877 29831
29923 29877 29922
29923 29922 29877
29923 29967 29922
29968 29967 29923
29968 30011 29967
29968 30012 30011
29969 30012 29968
30013 30012 29969
30013 30055 30012
30013 30056 30055
30014 30056 30013
30014 30057 30056
30015 30057 30014
30058 30057 30015
30058 30099 30057
30058 30100 30099
30059 30100 30058
30101 30100 30059
30101 30141 30100
30101 30142 30141
30102 30142 30101
30102 30143 30142
30103 30143 30102
30103 30144 30143
30104 30144 30103
30104 30145 30144
30105 30145 30104
30146 30145 30105
30146 30185 30145
30146 30186 30185
30147 30186 30146
30187 30186 30147
30187 30225 30186
30226 30225 30187
30226 30263 30225
30264 30263 30226
30264 30300 30263
30264 30301 30300
30265 30301 30264
30265 30302 30301
30266 30302 30265
30303 30302 30266
30303 30338 30302
30303 30339 30338
30304 30339 30303
30340 30339 30304
30340 30374 30339
30375 30374 30340
30375 30408 30374
30409 30408 30375
30409 30441 30408
30409 30442 30441
30410 30442 30409
30443 30442 30410
30443 30474 30442
30443 30475 30474
30443 30444 30411
30411 30444 30443
30412 30444 30411
30412 30445 30444
30413 30445 30412
30413 30446 30445
30413 30414 30380
30380 30414 30413
30381 30414 30380
30381 30415 30414
30381 30382 30347
30347 30382 30381
30347 30348 30312
30312 30348 30347
30312 30313 30276
30276 30313 30312
30277 30313 30276
30277 30314 30313
30277 30278 30240
30277 30240 30239
30277 30239 30276
30276 30239 30238
30276 30238 30275
30275 30238 30237
30237 30238 30199
30237 30199 30198
30198 30199 30159
30198 30159 30158
30158 30159 30118
30158 30118 30117
30117 30118 30076
30117 30076 30075
30075 30076 30033
30075 30033 30032
30032 30033 29989
29989 30033 30032
29990 30033 29989
29990 30034 30033
29990 29991 29946
29990 29946 29945
29945 29946 29900
29945 29900 29899
29899 29900 29853
29899 29853 29852
29852 29853 29805
29852 29805 29804
29804 29805 29756
29756 29805 29804
29756 29757 29707
29756 29707 29706
29706 29707 29656
29706 29656 29655
29655 29656 29604
29655 29604 29603
29603 29604 29551
29603 29551 29550
29550 29551 29497
29550 29497 29496
29496 29497 29442
29496 29442 29441
29441 29442 27841
29441 27841 27842
</Vertices>
                <Weights>0.67 0.33 0
0.67 0.33 0
0.67 0.33 0
0.67 0.33 0
0.67 0.33 0
0.67 0.33 0
0.67 0.33 0
0.67 0.33 0
0.67 0.33 0
0.67 0.33 0
0.67 0.33 0
0.67 0.33 0
0.67 0.33 0
0.67 0.33 0
0.67 0.33 0
0.67 0.33 0
0.67 0.33 0
0.67 0.33 0
0.67 0.33 0
0.67 0.33 0
0.67 0.33 0
0.67 0.33 0
0.67 0.33 0
0.67 0.33 0
0.67 0.33 0
0.67 0.33 0
0.67 0.33 0
0.67 0.33 0
0.67 0.33 0
0.67 0.33 0
0.67 0.33 0
0.67 0.33 0
0.67 0.33 0
0.67 0.33 0
0.67 0.33 0
0.67 0.33 0
0.67 0.33 0
0.67 0.33 0
0.67 0.33 0
0.67 0.33 0
0.67 0.33 0
0.67 0.33 0
0.67 0.33 0
0.67 0.33 0
0.67 0.33 0
0.67 0.33 0
0.67 0.33 0
0.67 0.33 0
0.67 0.33 0
0.67 0.33 0
0.67 0.33 0
0.67 0.33 0
0.67 0.33 0
0.67 0.33 0
0.67 0.33 0
0.67 0.33 0
0.67 0.33 0
0.67 0.33 0
0.67 0.33 0
0.67 0.33 0
0.67 0.33 0
0.67 0.33 0
0.67 0.33 0
0.67 0.33 0
0.67 0.33 0
0.67 0.33 0
0.67 0.33 0
0.67 0.33 0
0.67 0.33 0
0.67 0.33 0
0.67 0.33 0
0.67 0.33 0
0.67 0.33 0
0.67 0.33 0
0.67 0.33 0
0.67 0.33 0
0.67 0.33 0
0.67 0.33 0
0.67 0.33 0
0.67 0.33 0
0.67 0.33 0
0.67 0.33 0
0.67 0.33 0
0.67 0.33 0
0.67 0.33 0
0.67 0.33 0
0.67 0.33 0
0.67 0.33 0
0.67 0.33 0
0.67 0.33 0
0.67 0.33 0
0.67 0.33 0
0.67 0.33 0
0.67 0.33 0
0.67 0.33 0
0.67 0.33 0
0.67 0.33 0
0.67 0.33 0
0.67 0.33 0
0.67 0.33 0
0.67 0.33 0
0.67 0.33 0
0.67 0.33 0
0.67 0.33 0
0.67 0.33 0
0.67 0.33 0
0.67 0.33 0
0.67 0.33 0
0.67 0.33 0
0.67 0.33 0
0.67 0.33 0
0.67 0.33 0
0.67 0.33 0
0.67 0.33 0
0.67 0.33 0
0.67 0.33 0
0.67 0.33 0
0.67 0.33 0
0.67 0.33 0
0.67 0.33 0
0.67 0.33 0
0.67 0.33 0
