<?xml version="1.0" encoding="UTF-8"?>
<BorderFile Version="3" Structure="CORTEX_LEFT" SurfaceNumberOfVertices="32492">
    <MetaData>
        <MD>
            <Name>ParentProvenance</Name>
            <Value>./average/MNINonLinear/fsaverage_LR32k/average.L.white.32k_fs_LR.surf.gii:
/DATA/232/lqcheng/software/workbench/bin_rh_linux64/../exe_rh_linux64/wb_command -surface-resample /DATA/232/lqcheng/Human/HCP/04_subjects/average/MNINonLinear/Native/average.L.white.native.surf.gii /DATA/232/lqcheng/Human/HCP/04_subjects/average/MNINonLinear/Native/average.L.sphere.reg.reg_LR.native.surf.gii /DATA/232/lqcheng/Human/HCP/04_subjects/average/MNINonLinear/fsaverage_LR32k/average.L.sphere.32k_fs_LR.surf.gii BARYCENTRIC /DATA/232/lqcheng/Human/HCP/04_subjects/average/MNINonLinear/fsaverage_LR32k/average.L.white.32k_fs_LR.surf.gii

./average/MNINonLinear/fsaverage_LR32k/average.L.BN_Atlas.32k_fs_LR.label.gii:
/DATA/232/lqcheng/software/workbench/bin_rh_linux64/../exe_rh_linux64/wb_command -label-resample /DATA/232/lqcheng/Human/HCP/04_subjects/average/MNINonLinear/Native/average.L.BN_Atlas.native.label.gii /DATA/232/lqcheng/Human/HCP/04_subjects/average/MNINonLinear/Native/average.L.sphere.reg.reg_LR.native.surf.gii /DATA/232/lqcheng/Human/HCP/04_subjects/average/MNINonLinear/fsaverage_LR32k/average.L.sphere.32k_fs_LR.surf.gii BARYCENTRIC /DATA/232/lqcheng/Human/HCP/04_subjects/average/MNINonLinear/fsaverage_LR32k/average.L.BN_Atlas.32k_fs_LR.label.gii -largest

</Value>
        </MD>
        <MD>
            <Name>ProgramProvenance</Name>
            <Value>Connectome Workbench
Type: Command Line Application
Version: 1.2.3
Qt Compiled Version: 4.8.4
Qt Runtime Version: 4.8.4
Commit: c170db0277de04cb8a5c04fdf96e45adcda47d6d
Commit Date: 2016-08-23 19:08:10 -0500
Compiled with OpenMP: YES
Compiler: g++44 (/usr/bin)
Compiler Version: 4.4.7
Compiled Debug: NO
Operating System: Linux
</Value>
        </MD>
        <MD>
            <Name>Provenance</Name>
            <Value>/DATA/232/lqcheng/software/workbench/bin_rh_linux64/../exe_rh_linux64/wb_command -label-to-border ./average/MNINonLinear/fsaverage_LR32k/average.L.white.32k_fs_LR.surf.gii ./average/MNINonLinear/fsaverage_LR32k/average.L.BN_Atlas.32k_fs_LR.label.gii ./average/MNINonLinear/fsaverage_LR32k/average.L.BN_Atlas.32k_fs_LR.border</Value>
        </MD>
        <MD>
            <Name>WorkingDirectory</Name>
            <Value>/DATA/232/lqcheng/Human/HCP/04_subjects</Value>
        </MD>
    </MetaData>
    <Class Name="average_L_BN_Atlas" Red="0" Green="0" Blue="0">
        <Border Name="L_A8m_L" Red="0" Green="1" Blue="0">
            <BorderPart Closed="True">
                <Vertices>1762 1761 1873
1873 1761 1872
1873 1872 1761
1927 1872 1926
1926 1872 1871
1926 1871 1925
1926 1925 1871
1979 1925 1978
1979 1978 1925
2031 1978 2030
2031 2030 1978
2082 2030 2081
2082 2081 2030
2132 2081 2131
2132 2131 2081
2132 2181 2131
2182 2181 2132
2230 2181 2229
2230 2229 2181
2277 2229 2276
2277 2276 2229
2277 2323 2276
2277 2324 2323
2278 2324 2277
2278 2325 2324
2279 2325 2278
2279 2326 2325
2280 2326 2279
2327 2326 2280
2327 2372 2326
2373 2372 2327
2373 2417 2372
2418 2417 2373
2418 2461 2417
2418 2462 2461
2419 2462 2418
2419 2463 2462
2419 2420 2375
2375 2420 2419
2376 2420 2375
2376 2421 2420
2376 2377 2331
2331 2377 2376
2332 2377 2331
2378 2377 2332
2378 2422 2377
2378 2423 2422
2378 2379 2333
2333 2379 2378
2334 2379 2333
2334 2380 2379
2334 2335 2288
2288 2335 2334
2288 2289 2241
2241 2289 2288
2242 2289 2241
2242 2290 2289
2242 2243 2194
2194 2243 2242
2195 2243 2194
2195 1783 2243
2195 1782 2146
2146 1782 2195
1781 1782 2146
1781 29396 29401
1781 29401 29396
1780 29401 29405
1780 29405 29401
1779 29405 29408
1779 29408 29405
1778 29408 29410
1778 29410 29408
1778 1777 1940
1940 1777 1886
1886 1777 1940
1886 1776 1775
1775 1776 1886
1775 3 1776
1775 3483 5023
1775 5023 1774
1774 5023 5021
5021 5023 1774
5022 5023 5021
5022 3482 5023
5022 3481 5020
5022 5020 5019
5019 5020 5016
5016 5020 5019
5017 5020 5016
5017 3480 5020
5017 3479 5013
5013 3479 5017
5013 3478 5008
5013 5008 5007
5007 5008 5001
5001 5008 5007
5001 5002 4994
4994 5002 5001
4994 4995 4986
4986 4995 4994
4986 4987 4977
4986 4977 4976
4976 4977 4966
4966 4977 4976
4966 4967 4955
4966 4955 4954
4954 4955 4942
4954 4942 4941
4954 4941 4953
4953 4941 4940
4953 4940 4952
4952 4940 4939
4939 4940 4926
4939 4926 4925
4939 4925 4938
4938 4925 4924
4938 4924 4937
4937 4924 4923
4937 4923 4936
4936 4923 4922
4922 4923 4908
4922 4908 4907
4922 4907 4921
4921 4907 4906
4921 4906 4920
4920 4906 4905
4920 4905 4919
4919 4905 4904
4919 4904 1761
4919 1761 4904
</Vertices>
                <Weights>0.67 0.33 0
0.67 0.33 0
0.67 0.33 0
0.67 0.33 0
0.67 0.33 0
0.67 0.33 0
0.67 0.33 0
0.67 0.33 0
0.67 0.33 0
0.67 0.33 0
0.67 0.33 0
0.67 0.33 0
0.67 0.33 0
0.67 0.33 0
0.67 0.33 0
0.67 0.33 0
0.67 0.33 0
0.67 0.33 0
0.67 0.33 0
0.67 0.33 0
0.67 0.33 0
0.67 0.33 0
0.67 0.33 0
0.67 0.33 0
0.67 0.33 0
0.67 0.33 0
0.67 0.33 0
0.67 0.33 0
0.67 0.33 0
0.67 0.33 0
0.67 0.33 0
0.67 0.33 0
0.67 0.33 0
0.67 0.33 0
0.67 0.33 0
0.67 0.33 0
0.67 0.33 0
0.67 0.33 0
0.67 0.33 0
0.67 0.33 0
0.67 0.33 0
0.67 0.33 0
0.67 0.33 0
0.67 0.33 0
0.67 0.33 0
0.67 0.33 0
0.67 0.33 0
0.67 0.33 0
0.67 0.33 0
0.67 0.33 0
0.67 0.33 0
0.67 0.33 0
0.67 0.33 0
0.67 0.33 0
0.67 0.33 0
0.67 0.33 0
0.67 0.33 0
0.67 0.33 0
0.67 0.33 0
0.67 0.33 0
0.67 0.33 0
0.67 0.33 0
0.67 0.33 0
0.67 0.33 0
0.67 0.33 0
0.67 0.33 0
0.67 0.33 0
0.67 0.33 0
0.67 0.33 0
0.67 0.33 0
0.67 0.33 0
0.67 0.33 0
0.67 0.33 0
0.67 0.33 0
0.67 0.33 0
0.67 0.33 0
0.67 0.33 0
0.67 0.33 0
0.67 0.33 0
0.67 0.33 0
0.67 0.33 0
0.67 0.33 0
0.67 0.33 0
0.67 0.33 0
0.67 0.33 0
0.67 0.33 0
0.67 0.33 0
0.67 0.33 0
0.67 0.33 0
0.67 0.33 0
0.67 0.33 0
0.67 0.33 0
0.67 0.33 0
0.67 0.33 0
0.67 0.33 0
0.67 0.33 0
0.67 0.33 0
0.67 0.33 0
0.67 0.33 0
0.67 0.33 0
0.67 0.33 0
0.67 0.33 0
0.67 0.33 0
0.67 0.33 0
0.67 0.33 0
0.67 0.33 0
0.67 0.33 0
0.67 0.33 0
0.67 0.33 0
0.67 0.33 0
0.67 0.33 0
0.67 0.33 0
0.67 0.33 0
0.67 0.33 0
0.67 0.33 0
0.67 0.33 0
0.67 0.33 0
0.67 0.33 0
0.67 0.33 0
0.67 0.33 0
0.67 0.33 0
0.67 0.33 0
0.67 0.33 0
0.67 0.33 0
0.67 0.33 0
0.67 0.33 0
0.67 0.33 0
0.67 0.33 0
0.67 0.33 0
0.67 0.33 0
</Weights>
            </BorderPart>
        </Border>
        <Border Name="L_A8dl_L" Red="1" Green="0" Blue="0">
            <BorderPart Closed="True">
                <Vertices>3476 3475 4995
4995 3475 4987
4995 4987 4986
4995 4986 4994
4995 4994 4986
5002 4994 5001
5002 5001 4994
5008 5001 5007
5008 5007 5001
5008 5013 5007
3478 5013 5008
3479 5013 5017
3479 5017 5013
3480 5017 5020
5020 5017 5016
5020 5016 5019
5020 5019 5016
5020 5022 5019
3481 5022 5020
3482 5022 5023
5023 5022 5021
5023 5021 1774
5023 1774 5021
5023 1775 1774
3483 1775 5023
3483 3 1775
5135 3 3483
5135 27816 29466
29466 27816 27817
29466 27817 29465
29465 27817 27818
29465 27818 29464
29464 27818 27819
29464 27819 29463
29463 27819 27820
29463 27820 29462
29463 29462 27820
29517 29462 29516
29516 29462 29461
29516 29461 29515
29515 29461 29460
29515 29460 29514
29514 29460 29459
29514 29459 29513
29513 29459 29458
29458 29459 27824
29458 27824 27825
29458 27825 29457
29457 27825 27826
29457 27826 29456
29457 29456 27826
29511 29456 29510
29510 29456 29455
29510 29455 29509
29510 29509 29455
29563 29509 29562
29562 29509 29508
29562 29508 29561
29561 29508 29507
29561 29507 29560
29560 29507 29506
29560 29506 29559
29559 29506 29505
29559 29505 29558
29558 29505 29504
29558 29504 29557
29557 29504 29503
29557 29503 29556
29556 29503 29502
29556 29502 29555
29555 29502 29501
29555 29501 29554
29554 29501 29500
29554 29500 29553
29553 29500 29499
29553 29499 29552
29552 29499 29498
29552 29498 29551
29552 29551 29498
29604 29551 29603
29604 29603 29551
29655 29603 29654
29655 29654 29603
29705 29654 29704
29705 29704 29654
29705 29754 29704
29755 29754 29705
29803 29754 29802
29803 29802 29754
29850 29802 29849
29850 29849 29802
29850 29896 29849
29897 29896 29850
29942 29896 29941
29942 29941 29896
29942 29986 29941
29942 29987 29986
29943 29987 29942
29988 29987 29943
29988 30031 29987
30032 30031 29988
30074 30031 30073
30074 30073 30031
30074 30115 30073
30074 30116 30115
30075 30116 30074
30117 30116 30075
30117 30157 30116
30117 30158 30157
30118 30158 30117
30118 30159 30158
30119 30159 30118
30160 30159 30119
30160 30199 30159
30160 30200 30199
30161 30200 30160
30161 30201 30200
30162 30201 30161
30202 30201 30162
30202 30240 30201
30241 30240 30202
30241 30278 30240
30279 30278 30241
30279 30315 30278
30279 30316 30315
30280 30316 30279
30317 30316 30280
30317 30352 30316
30317 30353 30352
30318 30353 30317
30354 30353 30318
30354 30388 30353
30389 30388 30354
30389 30422 30388
30423 30422 30389
30423 30455 30422
30423 5112 30455
5113 5112 6422
5113 6422 6444
6444 6422 6421
6444 6421 6443
6444 6443 6421
6465 6443 6464
6464 6443 6442
6464 6442 6463
6464 6463 6442
6484 6463 6483
6484 6483 6463
6503 6483 6502
6503 6502 6483
6521 6502 6520
6520 6502 6501
6520 6501 6519
6520 6519 6501
6537 6519 6536
6537 6536 6519
6553 6536 6552
6552 6536 6535
6552 6535 6551
6551 6535 6534
6551 6534 6550
6551 6550 6534
6566 6550 6565
6565 6550 6549
6565 6549 6564
6565 6564 6549
6579 6564 6578
6579 6578 6564
6592 6578 6591
6592 6591 6578
6592 6604 6591
6605 6604 6592
6616 6604 6615
6616 6615 6604
6626 6615 6625
6626 6625 6615
6635 6625 6634
6635 6634 6625
6643 6634 6642
6642 6634 6633
6642 6633 6641
6641 6633 6632
6641 6632 6640
6641 6640 6632
6648 6640 3476
3476 6640 3475
</Vertices>
                <Weights>0.67 0.33 0
0.67 0.33 0
0.67 0.33 0
0.67 0.33 0
0.67 0.33 0
0.67 0.33 0
0.67 0.33 0
0.67 0.33 0
0.67 0.33 0
0.67 0.33 0
0.67 0.33 0
0.67 0.33 0
0.67 0.33 0
0.67 0.33 0
0.67 0.33 0
0.67 0.33 0
0.67 0.33 0
0.67 0.33 0
0.67 0.33 0
0.67 0.33 0
0.67 0.33 0
0.67 0.33 0
0.67 0.33 0
0.67 0.33 0
0.67 0.33 0
0.67 0.33 0
0.67 0.33 0
0.67 0.33 0
0.67 0.33 0
0.67 0.33 0
0.67 0.33 0
0.67 0.33 0
0.67 0.33 0
0.67 0.33 0
0.67 0.33 0
0.67 0.33 0
0.67 0.33 0
0.67 0.33 0
0.67 0.33 0
0.67 0.33 0
0.67 0.33 0
0.67 0.33 0
0.67 0.33 0
0.67 0.33 0
0.67 0.33 0
0.67 0.33 0
0.67 0.33 0
0.67 0.33 0
0.67 0.33 0
0.67 0.33 0
0.67 0.33 0
0.67 0.33 0
0.67 0.33 0
0.67 0.33 0
0.67 0.33 0
0.67 0.33 0
0.67 0.33 0
0.67 0.33 0
0.67 0.33 0
0.67 0.33 0
0.67 0.33 0
0.67 0.33 0
0.67 0.33 0
0.67 0.33 0
0.67 0.33 0
0.67 0.33 0
0.67 0.33 0
0.67 0.33 0
0.67 0.33 0
0.67 0.33 0
0.67 0.33 0
0.67 0.33 0
0.67 0.33 0
0.67 0.33 0
0.67 0.33 0
0.67 0.33 0
0.67 0.33 0
0.67 0.33 0
0.67 0.33 0
0.67 0.33 0
0.67 0.33 0
0.67 0.33 0
0.67 0.33 0
0.67 0.33 0
0.67 0.33 0
0.67 0.33 0
0.67 0.33 0
0.67 0.33 0
0.67 0.33 0
0.67 0.33 0
0.67 0.33 0
0.67 0.33 0
0.67 0.33 0
0.67 0.33 0
0.67 0.33 0
0.67 0.33 0
0.67 0.33 0
0.67 0.33 0
0.67 0.33 0
0.67 0.33 0
0.67 0.33 0
0.67 0.33 0
0.67 0.33 0
0.67 0.33 0
0.67 0.33 0
0.67 0.33 0
0.67 0.33 0
0.67 0.33 0
0.67 0.33 0
0.67 0.33 0
0.67 0.33 0
0.67 0.33 0
0.67 0.33 0
0.67 0.33 0
0.67 0.33 0
0.67 0.33 0
0.67 0.33 0
0.67 0.33 0
0.67 0.33 0
0.67 0.33 0
0.67 0.33 0
0.67 0.33 0
0.67 0.33 0
0.67 0.33 0
0.67 0.33 0
0.67 0.33 0
0.67 0.33 0
0.67 0.33 0
0.67 0.33 0
0.67 0.33 0
0.67 0.33 0
0.67 0.33 0
0.67 0.33 0
0.67 0.33 0
0.67 0.33 0
0.67 0.33 0
0.67 0.33 0
0.67 0.33 0
0.67 0.33 0
0.67 0.33 0
0.67 0.33 0
0.67 0.33 0
0.67 0.33 0
0.67 0.33 0
0.67 0.33 0
0.67 0.33 0
0.67 0.33 0
0.67 0.33 0
0.67 0.33 0
0.67 0.33 0
0.67 0.33 0
0.67 0.33 0
0.67 0.33 0
0.67 0.33 0
0.67 0.33 0
0.67 0.33 0
0.67 0.33 0
0.67 0.33 0
0.67 0.33 0
0.67 0.33 0
0.67 0.33 0
0.67 0.33 0
0.67 0.33 0
0.67 0.33 0
0.67 0.33 0
0.67 0.33 0
0.67 0.33 0
0.67 0.33 0
0.67 0.33 0
0.67 0.33 0
0.67 0.33 0
0.67 0.33 0
0.67 0.33 0
0.67 0.33 0
0.67 0.33 0
0.67 0.33 0
0.67 0.33 0
0.67 0.33 0
0.67 0.33 0
0.67 0.33 0
0.67 0.33 0
0.67 0.33 0
0.67 0.33 0
0.67 0.33 0
0.67 0.33 0
0.67 0.33 0
</Weights>
            </BorderPart>
        </Border>
        <Border Name="L_A9l_L" Red="1" Green="0.482353" Blue="0.862745">
            <BorderPart Closed="True">
                <Vertices>3 1775 1776
1776 1775 1886
1776 1886 1775
1777 1886 1940
1777 1940 1886
1777 1778 1940
29410 1778 29408
29408 1778 29410
29408 1779 29405
29405 1779 29408
29405 1780 29401
29405 29401 29400
29400 29401 29395
29400 29395 29394
29394 29395 29388
29394 29388 29387
29387 29388 29380
29387 29380 29379
29379 29380 29371
29371 29380 29379
29371 29372 29362
29371 29362 29361
29361 29362 29351
29361 29351 29350
29350 29351 29339
29339 29351 29350
29339 29340 29327
29339 29327 29326
29326 29327 29313
29326 29313 29312
29312 29313 29298
29312 29298 29297
29297 29298 29282
29282 29298 29297
29282 29283 29266
29282 29266 29265
29265 29266 29248
29248 29266 29265
29248 29249 29230
29230 29249 29248
29230 29231 29211
29230 29211 29210
29210 29211 29190
29190 29211 29210
29190 29191 29169
29190 29169 29168
29168 29169 29146
29168 29146 29145
29145 29146 29122
29122 29146 29145
29122 29123 29098
29122 29098 29097
29097 29098 29072
29072 29098 29097
29072 29073 29046
29072 29046 29045
29045 29046 29018
29018 29046 29045
29018 29019 28990
29018 28990 28989
28989 28990 28960
28960 28990 28989
28960 28961 28930
28960 28930 28929
28929 28930 28898
28929 28898 28897
28897 28898 28865
28897 28865 28864
28864 28865 28831
28864 28831 28830
28864 28830 28863
28863 28830 28829
28829 28830 28795
28829 28795 28794
28794 28795 28759
28794 28759 28758
28758 28759 28722
28758 28722 28721
28758 28721 28757
28757 28721 28720
28720 28721 28683
28720 28683 28682
28682 28683 28644
28682 28644 28643
28682 28643 28681
28681 28643 28642
28642 28643 28603
28642 28603 28602
28642 28602 28641
28642 28641 28602
28680 28641 28679
28680 28679 28641
28680 28717 28679
28718 28717 28680
28754 28717 28753
28754 28753 28717
28789 28753 28788
28789 28788 28753
28789 28823 28788
28824 28823 28789
28857 28823 28856
28857 28856 28823
28889 28856 28888
28889 28888 28856
28889 28920 28888
28921 28920 28889
28951 28920 28950
28951 28950 28920
28980 28950 28979
28980 28979 28950
29008 28979 29007
29008 29007 28979
29035 29007 29034
29035 29034 29007
29061 29034 27842
29061 27842 29034
29061 27841 27842
29087 27841 29061
29087 27840 27841
29112 27840 29087
27839 27840 29112
27839 29443 27840
29444 29443 27839
29444 29498 29443
29499 29498 29444
29499 29552 29498
29499 29553 29552
29500 29553 29499
29500 29554 29553
29501 29554 29500
29501 29555 29554
29502 29555 29501
29502 29556 29555
29503 29556 29502
29503 29557 29556
29504 29557 29503
29504 29558 29557
29505 29558 29504
29505 29559 29558
29506 29559 29505
29506 29560 29559
29507 29560 29506
29507 29561 29560
29508 29561 29507
29508 29562 29561
29509 29562 29508
29509 29563 29562
29509 29510 29455
29455 29510 29509
29456 29510 29455
29456 29511 29510
29456 29457 27826
27826 29457 29456
27825 29457 27826
27825 29458 29457
27824 29458 27825
29459 29458 27824
29459 29513 29458
29459 29514 29513
29460 29514 29459
29460 29515 29514
29461 29515 29460
29461 29516 29515
29462 29516 29461
29462 29517 29516
29462 29463 27820
27820 29463 29462
27819 29463 27820
27819 29464 29463
27818 29464 27819
27818 29465 29464
27817 29465 27818
27817 29466 29465
27816 29466 27817
27816 5135 29466
3 5135 3483
3 3483 1775
</Vertices>
                <Weights>0.67 0.33 0
0.67 0.33 0
0.67 0.33 0
0.67 0.33 0
0.67 0.33 0
0.67 0.33 0
0.67 0.33 0
0.67 0.33 0
0.67 0.33 0
0.67 0.33 0
0.67 0.33 0
0.67 0.33 0
0.67 0.33 0
0.67 0.33 0
0.67 0.33 0
0.67 0.33 0
0.67 0.33 0
0.67 0.33 0
0.67 0.33 0
0.67 0.33 0
0.67 0.33 0
0.67 0.33 0
0.67 0.33 0
0.67 0.33 0
0.67 0.33 0
0.67 0.33 0
0.67 0.33 0
0.67 0.33 0
0.67 0.33 0
0.67 0.33 0
0.67 0.33 0
0.67 0.33 0
0.67 0.33 0
0.67 0.33 0
0.67 0.33 0
0.67 0.33 0
0.67 0.33 0
0.67 0.33 0
0.67 0.33 0
0.67 0.33 0
0.67 0.33 0
0.67 0.33 0
0.67 0.33 0
0.67 0.33 0
0.67 0.33 0
0.67 0.33 0
0.67 0.33 0
0.67 0.33 0
0.67 0.33 0
0.67 0.33 0
0.67 0.33 0
0.67 0.33 0
0.67 0.33 0
0.67 0.33 0
0.67 0.33 0
0.67 0.33 0
0.67 0.33 0
0.67 0.33 0
0.67 0.33 0
0.67 0.33 0
0.67 0.33 0
0.67 0.33 0
0.67 0.33 0
0.67 0.33 0
0.67 0.33 0
0.67 0.33 0
0.67 0.33 0
0.67 0.33 0
0.67 0.33 0
0.67 0.33 0
0.67 0.33 0
0.67 0.33 0
0.67 0.33 0
0.67 0.33 0
0.67 0.33 0
0.67 0.33 0
0.67 0.33 0
0.67 0.33 0
0.67 0.33 0
0.67 0.33 0
0.67 0.33 0
0.67 0.33 0
0.67 0.33 0
0.67 0.33 0
0.67 0.33 0
0.67 0.33 0
0.67 0.33 0
0.67 0.33 0
0.67 0.33 0
0.67 0.33 0
0.67 0.33 0
0.67 0.33 0
0.67 0.33 0
0.67 0.33 0
0.67 0.33 0
0.67 0.33 0
0.67 0.33 0
0.67 0.33 0
0.67 0.33 0
0.67 0.33 0
0.67 0.33 0
0.67 0.33 0
0.67 0.33 0
0.67 0.33 0
0.67 0.33 0
0.67 0.33 0
0.67 0.33 0
0.67 0.33 0
0.67 0.33 0
0.67 0.33 0
0.67 0.33 0
0.67 0.33 0
0.67 0.33 0
0.67 0.33 0
0.67 0.33 0
0.67 0.33 0
0.67 0.33 0
0.67 0.33 0
0.67 0.33 0
0.67 0.33 0
0.67 0.33 0
0.67 0.33 0
0.67 0.33 0
0.67 0.33 0
0.67 0.33 0
0.67 0.33 0
0.67 0.33 0
0.67 0.33 0
0.67 0.33 0
0.67 0.33 0
0.67 0.33 0
0.67 0.33 0
0.67 0.33 0
0.67 0.33 0
0.67 0.33 0
0.67 0.33 0
0.67 0.33 0
0.67 0.33 0
0.67 0.33 0
0.67 0.33 0
0.67 0.33 0
0.67 0.33 0
0.67 0.33 0
0.67 0.33 0
0.67 0.33 0
0.67 0.33 0
0.67 0.33 0
0.67 0.33 0
0.67 0.33 0
0.67 0.33 0
0.67 0.33 0
0.67 0.33 0
0.67 0.33 0
0.67 0.33 0
0.67 0.33 0
0.67 0.33 0
0.67 0.33 0
0.67 0.33 0
0.67 0.33 0
0.67 0.33 0
0.67 0.33 0
0.67 0.33 0
0.67 0.33 0
0.67 0.33 0
0.67 0.33 0
0.67 0.33 0
0.67 0.33 0
0.67 0.33 0
0.67 0.33 0
0.67 0.33 0
0.67 0.33 0
0.67 0.33 0
0.67 0.33 0
0.67 0.33 0
0.67 0.33 0
0.67 0.33 0
0.67 0.33 0
</Weights>
            </BorderPart>
        </Border>
        <Border Name="L_A6dl_L" Red="0" Green="0.552941" Blue="1">
            <BorderPart Closed="True">
                <Vertices>3466 3465 4870
3466 4870 4887
3466 4887 4870
3467 4887 4903
3467 4903 4887
3468 4903 4918
3468 4918 4903
3469 4918 4932
3469 4932 4918
3470 4932 4945
4945 4932 4931
4945 4931 4944
4944 4931 4930
4944 4930 4943
4943 4930 4929
4943 4929 4942
4943 4942 4929
4955 4942 4954
4955 4954 4942
4955 4966 4954
4967 4966 4955
4977 4966 4976
4977 4976 4966
4977 4986 4976
4987 4986 4977
4987 4995 4986
3475 4995 4987
3475 3476 4995
6640 3476 3475
6640 6648 3476
6640 6641 6632
6632 6641 6640
6633 6641 6632
6633 6642 6641
6634 6642 6633
6634 6643 6642
6634 6635 6625
6625 6635 6634
6625 6626 6615
6615 6626 6625
6615 6616 6604
6604 6616 6615
6604 6605 6592
6604 6592 6591
6591 6592 6578
6578 6592 6591
6578 6579 6564
6564 6579 6578
6564 6565 6549
6549 6565 6564
6550 6565 6549
6550 6566 6565
6550 6551 6534
6534 6551 6550
6535 6551 6534
6535 6552 6551
6536 6552 6535
6536 6553 6552
6536 6537 6519
6519 6537 6536
6519 6520 6501
6501 6520 6519
6502 6520 6501
6502 6521 6520
6502 6503 6483
6483 6503 6502
6483 6484 6463
6463 6484 6483
6463 6464 6442
6442 6464 6463
6443 6464 6442
6443 6465 6464
6443 6444 6421
6421 6444 6443
6422 6444 6421
6422 5113 6444
5112 5113 6422
5112 30423 30455
5112 30455 30423
5112 5111 6399
6399 5111 6375
6399 6375 6374
6374 6375 6349
6374 6349 6348
6348 6349 6322
6322 6349 6348
6322 6323 6295
6322 6295 6294
6294 6295 6266
6294 6266 6265
6265 6266 6236
6265 6236 6235
6235 6236 6205
6205 6236 6235
6205 6206 6174
6205 6174 6173
6173 6174 6141
6173 6141 6140
6173 6140 6172
6172 6140 6139
6172 6139 6171
6171 6139 6138
6171 6138 6170
6170 6138 6137
6170 6137 6169
6169 6137 6136
6169 6136 6168
6168 6136 6135
6168 6135 6167
6167 6135 6134
6167 6134 6166
6167 6166 6134
6198 6166 6197
6197 6166 6165
6197 6165 6196
6196 6165 6164
6196 6164 6195
6196 6195 6164
6226 6195 6225
6225 6195 6194
6225 6194 6224
6225 6224 6194
6254 6224 6253
6253 6224 6223
6253 6223 6252
6253 6252 6223
6281 6252 6280
6281 6280 6252
6308 6280 6307
6308 6307 6280
6334 6307 6333
6333 6307 6306
6333 6306 6332
6333 6332 6306
6358 6332 6357
6358 6357 6332
6382 6357 6381
6382 6381 6357
6405 6381 6404
6405 6404 6381
6427 6404 6426
6426 6404 6403
6426 6403 6425
6426 6425 6403
6426 6447 6425
6448 6447 6426
6468 6447 6467
6468 6467 6447
6468 6487 6467
6488 6487 6468
6506 6487 6505
6506 6505 6487
6523 6505 3466
3466 6505 3465
</Vertices>
                <Weights>0.67 0.33 0
0.67 0.33 0
0.67 0.33 0
0.67 0.33 0
0.67 0.33 0
0.67 0.33 0
0.67 0.33 0
0.67 0.33 0
0.67 0.33 0
0.67 0.33 0
0.67 0.33 0
0.67 0.33 0
0.67 0.33 0
0.67 0.33 0
0.67 0.33 0
0.67 0.33 0
0.67 0.33 0
0.67 0.33 0
0.67 0.33 0
0.67 0.33 0
0.67 0.33 0
0.67 0.33 0
0.67 0.33 0
0.67 0.33 0
0.67 0.33 0
0.67 0.33 0
0.67 0.33 0
0.67 0.33 0
0.67 0.33 0
0.67 0.33 0
0.67 0.33 0
0.67 0.33 0
0.67 0.33 0
0.67 0.33 0
0.67 0.33 0
0.67 0.33 0
0.67 0.33 0
0.67 0.33 0
0.67 0.33 0
0.67 0.33 0
0.67 0.33 0
0.67 0.33 0
0.67 0.33 0
0.67 0.33 0
0.67 0.33 0
0.67 0.33 0
0.67 0.33 0
0.67 0.33 0
0.67 0.33 0
0.67 0.33 0
0.67 0.33 0
0.67 0.33 0
0.67 0.33 0
0.67 0.33 0
0.67 0.33 0
0.67 0.33 0
0.67 0.33 0
0.67 0.33 0
0.67 0.33 0
0.67 0.33 0
0.67 0.33 0
0.67 0.33 0
0.67 0.33 0
0.67 0.33 0
0.67 0.33 0
0.67 0.33 0
0.67 0.33 0
0.67 0.33 0
0.67 0.33 0
0.67 0.33 0
0.67 0.33 0
0.67 0.33 0
0.67 0.33 0
0.67 0.33 0
0.67 0.33 0
0.67 0.33 0
0.67 0.33 0
0.67 0.33 0
0.67 0.33 0
0.67 0.33 0
0.67 0.33 0
0.67 0.33 0
0.67 0.33 0
0.67 0.33 0
0.67 0.33 0
0.67 0.33 0
0.67 0.33 0
0.67 0.33 0
0.67 0.33 0
0.67 0.33 0
0.67 0.33 0
0.67 0.33 0
0.67 0.33 0
0.67 0.33 0
0.67 0.33 0
0.67 0.33 0
0.67 0.33 0
0.67 0.33 0
0.67 0.33 0
0.67 0.33 0
0.67 0.33 0
0.67 0.33 0
0.67 0.33 0
0.67 0.33 0
0.67 0.33 0
0.67 0.33 0
0.67 0.33 0
0.67 0.33 0
0.67 0.33 0
0.67 0.33 0
0.67 0.33 0
0.67 0.33 0
0.67 0.33 0
0.67 0.33 0
0.67 0.33 0
0.67 0.33 0
0.67 0.33 0
0.67 0.33 0
0.67 0.33 0
0.67 0.33 0
0.67 0.33 0
0.67 0.33 0
0.67 0.33 0
0.67 0.33 0
0.67 0.33 0
0.67 0.33 0
0.67 0.33 0
0.67 0.33 0
0.67 0.33 0
0.67 0.33 0
0.67 0.33 0
0.67 0.33 0
0.67 0.33 0
0.67 0.33 0
0.67 0.33 0
0.67 0.33 0
0.67 0.33 0
0.67 0.33 0
0.67 0.33 0
0.67 0.33 0
0.67 0.33 0
0.67 0.33 0
0.67 0.33 0
0.67 0.33 0
0.67 0.33 0
0.67 0.33 0
0.67 0.33 0
0.67 0.33 0
0.67 0.33 0
0.67 0.33 0
0.67 0.33 0
0.67 0.33 0
0.67 0.33 0
0.67 0.33 0
</Weights>
            </BorderPart>
        </Border>
        <Border Name="L_A6m_L" Red="0.619608" Green="0.27451" Blue="0.207843">
            <BorderPart Closed="True">
                <Vertices>1749 1748 1860
1860 1748 1859
1860 1859 1748
1860 1914 1859
1915 1914 1860
1968 1914 1967
1968 1967 1914
2020 1967 2019
2020 2019 1967
2020 2071 2019
2020 2072 2071
2021 2072 2020
2073 2072 2021
2073 2123 2072
2073 2124 2123
2074 2124 2073
2074 2125 2124
2075 2125 2074
2126 2125 2075
2126 2175 2125
2126 2176 2175
2127 2176 2126
2177 2176 2127
2177 2225 2176
2226 2225 2177
2226 2273 2225
2226 2274 2273
2227 2274 2226
2227 2275 2274
2228 2275 2227
2276 2275 2228
2276 2322 2275
2276 2323 2322
2276 2277 2229
2229 2277 2276
2229 2230 2181
2181 2230 2229
2181 2182 2132
2181 2132 2131
2131 2132 2081
2081 2132 2131
2081 2082 2030
2030 2082 2081
2030 2031 1978
1978 2031 2030
1978 1979 1925
1925 1979 1978
1925 1926 1871
1871 1926 1925
1872 1926 1871
1872 1927 1926
1872 1873 1761
1761 1873 1872
1761 1762 1873
1761 4919 4904
4904 4919 1761
4905 4919 4904
4905 4920 4919
4906 4920 4905
4906 4921 4920
4907 4921 4906
4907 4922 4921
4908 4922 4907
4923 4922 4908
4923 4936 4922
4923 4937 4936
4924 4937 4923
4924 4938 4937
4925 4938 4924
4925 4939 4938
4926 4939 4925
4940 4939 4926
4940 4952 4939
4940 4953 4952
4941 4953 4940
4941 4954 4953
4942 4954 4941
4942 4955 4954
4942 4943 4929
4929 4943 4942
4930 4943 4929
4930 4944 4943
4931 4944 4930
4931 4945 4944
4932 4945 4931
4932 3470 4945
4932 3469 4918
4918 3469 4932
4918 3468 4903
4903 3468 4918
4903 3467 4887
4887 3467 4903
4887 3466 4870
4870 3466 4887
3465 3466 4870
6505 3466 3465
6505 6523 3466
6505 6506 6487
6487 6506 6505
6487 6488 6468
6487 6468 6467
6467 6468 6447
6447 6468 6467
6447 6448 6426
6447 6426 6425
6425 6426 6403
6425 6403 6402
6425 6402 6424
6424 6402 6401
6401 6402 6378
6401 6378 6377
6401 6377 6400
6400 6377 6376
6376 6377 6352
6376 6352 6351
6376 6351 3459
6376 3459 6351
3460 3459 4747
3460 4747 4770
4770 4747 4746
4746 4747 4722
4746 4722 4721
4746 4721 4745
4746 4745 4721
4769 4745 4768
4768 4745 4744
4744 4745 4720
4744 4720 4719
4744 4719 4743
4743 4719 4718
4718 4719 4693
4718 4693 4692
4718 4692 4717
4717 4692 4691
4717 4691 4716
4716 4691 4690
4716 4690 4715
4715 4690 4689
4715 4689 4714
4714 4689 4688
4714 4688 4713
4713 4688 4687
4687 4688 4661
4687 4661 4660
4687 4660 4686
4686 4660 4659
4686 4659 4685
4685 4659 4658
4685 4658 4684
4684 4658 4657
4657 4658 4630
4657 4630 4629
4657 4629 4656
4656 4629 4628
4628 4629 4600
4628 4600 4599
4628 4599 4627
4627 4599 4598
4627 4598 4626
4626 4598 4597
4626 4597 4625
4625 4597 4596
4596 4597 4567
4596 4567 4566
4596 4566 4595
4595 4566 4565
4595 4565 4594
4594 4565 4564
4594 4564 4593
4593 4564 4563
4593 4563 4592
4593 4592 4563
4621 4592 4620
4621 4620 4592
4648 4620 4647
4647 4620 4619
4647 4619 4646
4647 4646 4619
4673 4646 1749
1749 4646 1748
</Vertices>
                <Weights>0.67 0.33 0
0.67 0.33 0
0.67 0.33 0
0.67 0.33 0
0.67 0.33 0
0.67 0.33 0
0.67 0.33 0
0.67 0.33 0
0.67 0.33 0
0.67 0.33 0
0.67 0.33 0
0.67 0.33 0
0.67 0.33 0
0.67 0.33 0
0.67 0.33 0
0.67 0.33 0
0.67 0.33 0
0.67 0.33 0
0.67 0.33 0
0.67 0.33 0
0.67 0.33 0
0.67 0.33 0
0.67 0.33 0
0.67 0.33 0
0.67 0.33 0
0.67 0.33 0
0.67 0.33 0
0.67 0.33 0
0.67 0.33 0
0.67 0.33 0
0.67 0.33 0
0.67 0.33 0
0.67 0.33 0
0.67 0.33 0
0.67 0.33 0
0.67 0.33 0
0.67 0.33 0
0.67 0.33 0
0.67 0.33 0
0.67 0.33 0
0.67 0.33 0
0.67 0.33 0
0.67 0.33 0
0.67 0.33 0
0.67 0.33 0
0.67 0.33 0
0.67 0.33 0
0.67 0.33 0
0.67 0.33 0
0.67 0.33 0
0.67 0.33 0
0.67 0.33 0
0.67 0.33 0
0.67 0.33 0
0.67 0.33 0
0.67 0.33 0
0.67 0.33 0
0.67 0.33 0
0.67 0.33 0
0.67 0.33 0
0.67 0.33 0
0.67 0.33 0
0.67 0.33 0
0.67 0.33 0
0.67 0.33 0
0.67 0.33 0
0.67 0.33 0
0.67 0.33 0
0.67 0.33 0
0.67 0.33 0
0.67 0.33 0
0.67 0.33 0
0.67 0.33 0
0.67 0.33 0
0.67 0.33 0
0.67 0.33 0
0.67 0.33 0
0.67 0.33 0
0.67 0.33 0
0.67 0.33 0
0.67 0.33 0
0.67 0.33 0
0.67 0.33 0
0.67 0.33 0
0.67 0.33 0
0.67 0.33 0
0.67 0.33 0
0.67 0.33 0
0.67 0.33 0
0.67 0.33 0
0.67 0.33 0
0.67 0.33 0
0.67 0.33 0
0.67 0.33 0
0.67 0.33 0
0.67 0.33 0
0.67 0.33 0
0.67 0.33 0
0.67 0.33 0
0.67 0.33 0
0.67 0.33 0
0.67 0.33 0
0.67 0.33 0
0.67 0.33 0
0.67 0.33 0
0.67 0.33 0
0.67 0.33 0
0.67 0.33 0
0.67 0.33 0
0.67 0.33 0
0.67 0.33 0
0.67 0.33 0
0.67 0.33 0
0.67 0.33 0
0.67 0.33 0
0.67 0.33 0
0.67 0.33 0
0.67 0.33 0
0.67 0.33 0
0.67 0.33 0
0.67 0.33 0
0.67 0.33 0
0.67 0.33 0
0.67 0.33 0
0.67 0.33 0
0.67 0.33 0
0.67 0.33 0
0.67 0.33 0
0.67 0.33 0
0.67 0.33 0
0.67 0.33 0
0.67 0.33 0
0.67 0.33 0
0.67 0.33 0
0.67 0.33 0
0.67 0.33 0
0.67 0.33 0
0.67 0.33 0
0.67 0.33 0
0.67 0.33 0
0.67 0.33 0
0.67 0.33 0
0.67 0.33 0
0.67 0.33 0
0.67 0.33 0
0.67 0.33 0
0.67 0.33 0
0.67 0.33 0
0.67 0.33 0
0.67 0.33 0
0.67 0.33 0
0.67 0.33 0
0.67 0.33 0
0.67 0.33 0
0.67 0.33 0
0.67 0.33 0
0.67 0.33 0
0.67 0.33 0
0.67 0.33 0
0.67 0.33 0
0.67 0.33 0
0.67 0.33 0
0.67 0.33 0
0.67 0.33 0
0.67 0.33 0
0.67 0.33 0
0.67 0.33 0
0.67 0.33 0
0.67 0.33 0
0.67 0.33 0
0.67 0.33 0
0.67 0.33 0
0.67 0.33 0
0.67 0.33 0
0.67 0.33 0
0.67 0.33 0
0.67 0.33 0
0.67 0.33 0
0.67 0.33 0
0.67 0.33 0
</Weights>
            </BorderPart>
        </Border>
        <Border Name="L_A9m_L" Red="1" Green="0.929412" Blue="1">
            <BorderPart Closed="True">
                <Vertices>1782 1781 2146
1782 2146 2195
1782 2195 2146
1783 2195 2243
2243 2195 2194
2243 2194 2242
2243 2242 2194
2290 2242 2289
2289 2242 2241
2289 2241 2288
2289 2288 2241
2335 2288 2334
2335 2334 2288
2380 2334 2379
2379 2334 2333
2379 2333 2378
2379 2378 2333
2423 2378 2422
2422 2378 2377
2377 2378 2332
2377 2332 2331
2377 2331 2376
2377 2376 2331
2421 2376 2420
2420 2376 2375
2420 2375 2419
2420 2419 2375
2463 2419 2462
2462 2419 2418
2462 2418 2461
2462 2461 2418
2504 2461 2503
2504 2503 2461
2545 2503 2544
2544 2503 2502
2544 2502 2543
2544 2543 2502
2584 2543 2583
2584 2583 2543
2623 2583 2622
2623 2622 2583
2661 2622 2660
2661 2660 2622
2698 2660 2697
2698 2697 2660
2734 2697 2733
2734 2733 2697
2734 2769 2733
2770 2769 2734
2770 2804 2769
2770 2805 2804
2770 2771 2735
2735 2771 2770
2736 2771 2735
2736 2772 2771
2737 2772 2736
2737 2773 2772
2738 2773 2737
2774 2773 2738
2774 2808 2773
2809 2808 2774
2809 2842 2808
2809 2843 2842
2810 2843 2809
1798 2843 2810
1798 1799 2843
29158 1799 29135
29158 29135 29134
29134 29135 29110
29134 29110 29109
29134 29109 29133
29133 29109 29108
29133 29108 29132
29132 29108 29107
29132 29107 29131
29131 29107 29106
29131 29106 29130
29130 29106 29105
29130 29105 29129
29129 29105 29104
29129 29104 29128
29128 29104 29103
29103 29104 29078
29103 29078 29077
29077 29078 29051
29077 29051 29050
29077 29050 29076
29076 29050 29049
29049 29050 29022
29049 29022 29021
29049 29021 29048
29048 29021 29020
29020 29021 28992
29020 28992 28991
29020 28991 29019
29019 28991 28990
29019 28990 29018
29019 29018 28990
29046 29018 29045
29046 29045 29018
29046 29072 29045
29073 29072 29046
29098 29072 29097
29098 29097 29072
29098 29122 29097
29123 29122 29098
29146 29122 29145
29146 29145 29122
29146 29168 29145
29169 29168 29146
29169 29190 29168
29191 29190 29169
29211 29190 29210
29211 29210 29190
29211 29230 29210
29231 29230 29211
29249 29230 29248
29249 29248 29230
29266 29248 29265
29266 29265 29248
29266 29282 29265
29283 29282 29266
29298 29282 29297
29298 29297 29282
29298 29312 29297
29313 29312 29298
29313 29326 29312
29327 29326 29313
29327 29339 29326
29340 29339 29327
29351 29339 29350
29351 29350 29339
29351 29361 29350
29362 29361 29351
29362 29371 29361
29372 29371 29362
29380 29371 29379
29380 29379 29371
29380 29387 29379
29388 29387 29380
29388 29394 29387
29395 29394 29388
29395 29400 29394
29401 29400 29395
29401 29405 29400
29401 1780 29405
29401 1781 29396
29396 1781 29401
</Vertices>
                <Weights>0.67 0.33 0
0.67 0.33 0
0.67 0.33 0
0.67 0.33 0
0.67 0.33 0
0.67 0.33 0
0.67 0.33 0
0.67 0.33 0
0.67 0.33 0
0.67 0.33 0
0.67 0.33 0
0.67 0.33 0
0.67 0.33 0
0.67 0.33 0
0.67 0.33 0
0.67 0.33 0
0.67 0.33 0
0.67 0.33 0
0.67 0.33 0
0.67 0.33 0
0.67 0.33 0
0.67 0.33 0
0.67 0.33 0
0.67 0.33 0
0.67 0.33 0
0.67 0.33 0
0.67 0.33 0
0.67 0.33 0
0.67 0.33 0
0.67 0.33 0
0.67 0.33 0
0.67 0.33 0
0.67 0.33 0
0.67 0.33 0
0.67 0.33 0
0.67 0.33 0
0.67 0.33 0
0.67 0.33 0
0.67 0.33 0
0.67 0.33 0
0.67 0.33 0
0.67 0.33 0
0.67 0.33 0
0.67 0.33 0
0.67 0.33 0
0.67 0.33 0
0.67 0.33 0
0.67 0.33 0
0.67 0.33 0
0.67 0.33 0
0.67 0.33 0
0.67 0.33 0
0.67 0.33 0
0.67 0.33 0
0.67 0.33 0
0.67 0.33 0
0.67 0.33 0
0.67 0.33 0
0.67 0.33 0
0.67 0.33 0
0.67 0.33 0
0.67 0.33 0
0.67 0.33 0
0.67 0.33 0
0.67 0.33 0
0.67 0.33 0
0.67 0.33 0
0.67 0.33 0
0.67 0.33 0
0.67 0.33 0
0.67 0.33 0
0.67 0.33 0
0.67 0.33 0
0.67 0.33 0
0.67 0.33 0
0.67 0.33 0
0.67 0.33 0
0.67 0.33 0
0.67 0.33 0
0.67 0.33 0
0.67 0.33 0
0.67 0.33 0
0.67 0.33 0
0.67 0.33 0
0.67 0.33 0
0.67 0.33 0
0.67 0.33 0
0.67 0.33 0
0.67 0.33 0
0.67 0.33 0
0.67 0.33 0
0.67 0.33 0
0.67 0.33 0
0.67 0.33 0
0.67 0.33 0
0.67 0.33 0
0.67 0.33 0
0.67 0.33 0
0.67 0.33 0
0.67 0.33 0
0.67 0.33 0
0.67 0.33 0
0.67 0.33 0
0.67 0.33 0
0.67 0.33 0
0.67 0.33 0
0.67 0.33 0
0.67 0.33 0
0.67 0.33 0
0.67 0.33 0
0.67 0.33 0
0.67 0.33 0
0.67 0.33 0
0.67 0.33 0
0.67 0.33 0
0.67 0.33 0
0.67 0.33 0
0.67 0.33 0
0.67 0.33 0
0.67 0.33 0
0.67 0.33 0
0.67 0.33 0
0.67 0.33 0
0.67 0.33 0
0.67 0.33 0
0.67 0.33 0
0.67 0.33 0
0.67 0.33 0
0.67 0.33 0
0.67 0.33 0
0.67 0.33 0
0.67 0.33 0
0.67 0.33 0
0.67 0.33 0
0.67 0.33 0
0.67 0.33 0
0.67 0.33 0
0.67 0.33 0
0.67 0.33 0
0.67 0.33 0
0.67 0.33 0
0.67 0.33 0
0.67 0.33 0
0.67 0.33 0
0.67 0.33 0
0.67 0.33 0
0.67 0.33 0
0.67 0.33 0
</Weights>
            </BorderPart>
        </Border>
        <Border Name="L_A10m_L" Red="0.898039" Green="0" Blue="1">
            <BorderPart Closed="True">
                <Vertices>28253 28204 28252
28253 28252 28204
28300 28252 28299
28300 28299 28252
28346 28299 28345
28346 28345 28299
28391 28345 28390
28390 28345 28344
28390 28344 28389
28390 28389 28344
28390 28434 28389
28435 28434 28390
28478 28434 28477
28478 28477 28434
28478 28520 28477
28521 28520 28478
28562 28520 28561
28562 28561 28520
28602 28561 28601
28602 28601 28561
28602 28641 28601
28602 28642 28641
28603 28642 28602
28643 28642 28603
28643 28681 28642
28643 28682 28681
28644 28682 28643
28683 28682 28644
28683 28720 28682
28721 28720 28683
28721 28757 28720
28721 28758 28757
28722 28758 28721
28759 28758 28722
28759 28794 28758
28795 28794 28759
28795 28829 28794
28830 28829 28795
28830 28863 28829
28830 28864 28863
28831 28864 28830
28865 28864 28831
28865 28897 28864
28898 28897 28865
28898 28929 28897
28930 28929 28898
28930 28960 28929
28961 28960 28930
28990 28960 28989
28990 28989 28960
28990 29018 28989
28990 29019 29018
28991 29019 28990
28991 29020 29019
28992 29020 28991
29021 29020 28992
29021 29048 29020
29021 29049 29048
29022 29049 29021
29050 29049 29022
29050 29076 29049
29050 29077 29076
29051 29077 29050
29078 29077 29051
29078 29103 29077
29104 29103 29078
29104 29128 29103
29104 29129 29128
29105 29129 29104
29105 29130 29129
29106 29130 29105
29106 29131 29130
29107 29131 29106
29107 29132 29131
29108 29132 29107
29108 29133 29132
29109 29133 29108
29109 29134 29133
29109 29110 29084
29084 29110 29109
29084 29085 29058
29084 29058 29057
29057 29058 29030
29030 29058 29057
29030 29031 29002
29030 29002 29001
29001 29002 28972
28972 29002 29001
28972 28973 28942
28942 28973 28972
28942 28943 28911
28942 28911 28910
28910 28911 28878
28878 28911 28910
28878 28879 28845
28845 28879 28878
28845 28846 28811
28811 28846 28845
28811 28812 28776
28776 28812 28811
28776 28777 28740
28776 28740 28739
28739 28740 28702
28739 28702 28701
28701 28702 28663
28701 28663 28662
28662 28663 28623
28662 28623 28622
28622 28623 28582
28622 28582 28581
28581 28582 28540
28581 28540 28539
28539 28540 28497
28497 28540 28539
28497 28498 28454
28497 28454 28453
28453 28454 28409
28453 28409 28408
28453 28408 28452
28452 28408 28407
28407 28408 28362
28407 28362 28361
28407 28361 28406
28406 28361 28360
28360 28361 28314
28360 28314 28313
28360 28313 28359
28359 28313 28312
28359 28312 28358
28358 28312 28311
28358 28311 28357
28357 28311 28310
28357 28310 28356
28356 28310 28309
28356 28309 28355
28355 28309 28308
28355 28308 28354
28354 28308 28307
28354 28307 28353
28353 28307 28306
28353 28306 28352
28352 28306 28305
28305 28306 28258
28305 28258 28257
28305 28257 28304
28304 28257 28256
28256 28257 28208
28256 28208 28207
28256 28207 28255
28255 28207 28206
28255 28206 28254
28254 28206 28205
28254 28205 28253
28253 28205 28204
</Vertices>
                <Weights>0.67 0.33 0
0.67 0.33 0
0.67 0.33 0
0.67 0.33 0
0.67 0.33 0
0.67 0.33 0
0.67 0.33 0
0.67 0.33 0
0.67 0.33 0
0.67 0.33 0
0.67 0.33 0
0.67 0.33 0
0.67 0.33 0
0.67 0.33 0
0.67 0.33 0
0.67 0.33 0
0.67 0.33 0
0.67 0.33 0
0.67 0.33 0
0.67 0.33 0
0.67 0.33 0
0.67 0.33 0
0.67 0.33 0
0.67 0.33 0
0.67 0.33 0
0.67 0.33 0
0.67 0.33 0
0.67 0.33 0
0.67 0.33 0
0.67 0.33 0
0.67 0.33 0
0.67 0.33 0
0.67 0.33 0
0.67 0.33 0
0.67 0.33 0
0.67 0.33 0
0.67 0.33 0
0.67 0.33 0
0.67 0.33 0
0.67 0.33 0
0.67 0.33 0
0.67 0.33 0
0.67 0.33 0
0.67 0.33 0
0.67 0.33 0
0.67 0.33 0
0.67 0.33 0
0.67 0.33 0
0.67 0.33 0
0.67 0.33 0
0.67 0.33 0
0.67 0.33 0
0.67 0.33 0
0.67 0.33 0
0.67 0.33 0
0.67 0.33 0
0.67 0.33 0
0.67 0.33 0
0.67 0.33 0
0.67 0.33 0
0.67 0.33 0
0.67 0.33 0
0.67 0.33 0
0.67 0.33 0
0.67 0.33 0
0.67 0.33 0
0.67 0.33 0
0.67 0.33 0
0.67 0.33 0
0.67 0.33 0
0.67 0.33 0
0.67 0.33 0
0.67 0.33 0
0.67 0.33 0
0.67 0.33 0
0.67 0.33 0
0.67 0.33 0
0.67 0.33 0
0.67 0.33 0
0.67 0.33 0
0.67 0.33 0
0.67 0.33 0
0.67 0.33 0
0.67 0.33 0
0.67 0.33 0
0.67 0.33 0
0.67 0.33 0
0.67 0.33 0
0.67 0.33 0
0.67 0.33 0
0.67 0.33 0
0.67 0.33 0
0.67 0.33 0
0.67 0.33 0
0.67 0.33 0
0.67 0.33 0
0.67 0.33 0
0.67 0.33 0
0.67 0.33 0
0.67 0.33 0
0.67 0.33 0
0.67 0.33 0
0.67 0.33 0
0.67 0.33 0
0.67 0.33 0
0.67 0.33 0
0.67 0.33 0
0.67 0.33 0
0.67 0.33 0
0.67 0.33 0
0.67 0.33 0
0.67 0.33 0
0.67 0.33 0
0.67 0.33 0
0.67 0.33 0
0.67 0.33 0
0.67 0.33 0
0.67 0.33 0
0.67 0.33 0
0.67 0.33 0
0.67 0.33 0
0.67 0.33 0
0.67 0.33 0
0.67 0.33 0
0.67 0.33 0
0.67 0.33 0
0.67 0.33 0
0.67 0.33 0
0.67 0.33 0
0.67 0.33 0
0.67 0.33 0
0.67 0.33 0
0.67 0.33 0
0.67 0.33 0
0.67 0.33 0
0.67 0.33 0
0.67 0.33 0
0.67 0.33 0
0.67 0.33 0
0.67 0.33 0
0.67 0.33 0
0.67 0.33 0
0.67 0.33 0
0.67 0.33 0
0.67 0.33 0
0.67 0.33 0
0.67 0.33 0
0.67 0.33 0
0.67 0.33 0
0.67 0.33 0
0.67 0.33 0
0.67 0.33 0
0.67 0.33 0
0.67 0.33 0
</Weights>
            </BorderPart>
        </Border>
        <Border Name="L_A9/46d_L" Red="0.862745" Green="1" Blue="0">
            <BorderPart Closed="True">
                <Vertices>27840 27839 29112
27840 29112 29087
27840 29087 27841
27841 29087 29061
27841 29061 27842
27842 29061 29034
29034 29061 27842
29034 29035 29007
29007 29035 29034
29007 29008 28979
28979 29008 29007
28979 28980 28950
28950 28980 28979
28950 28951 28920
28920 28951 28950
28920 28921 28889
28920 28889 28888
28888 28889 28856
28888 28856 28855
28888 28855 28887
28887 28855 28854
28887 28854 28886
28886 28854 28853
28853 28854 28820
28853 28820 28819
28819 28820 28785
28819 28785 28784
28784 28785 28749
28784 28749 28748
28748 28749 28712
28748 28712 28711
28748 28711 28747
28747 28711 28710
28710 28711 28673
28710 28673 28672
28672 28673 28634
28672 28634 28633
28633 28634 28594
28633 28594 28593
28633 28593 28632
28632 28593 28592
28592 28593 28552
28592 28552 28551
28551 28552 28510
28551 28510 28509
28509 28510 28467
28509 28467 28466
28509 28466 27858
27858 28466 27859
27858 27859 28466
29424 27859 29423
29424 29423 27859
29478 29423 29477
29477 29423 29422
29477 29422 29476
29477 29476 29422
29530 29476 29529
29529 29476 29475
29529 29475 29528
29529 29528 29475
29581 29528 29580
29580 29528 29527
29580 29527 29579
29580 29579 29527
29580 29631 29579
29632 29631 29580
29632 29682 29631
29683 29682 29632
29683 29732 29682
29733 29732 29683
29733 29781 29732
29782 29781 29733
29829 29781 29828
29829 29828 29781
29829 29875 29828
29876 29875 29829
29876 29921 29875
29922 29921 29876
29922 29966 29921
29922 29967 29966
29923 29967 29922
29968 29967 29923
29968 30011 29967
30012 30011 29968
30012 30054 30011
30055 30054 30012
30055 30096 30054
30055 30097 30096
30056 30097 30055
30056 30098 30097
30057 30098 30056
30099 30098 30057
30099 30139 30098
30099 30140 30139
30100 30140 30099
30141 30140 30100
30141 30180 30140
30181 30180 30141
30181 30219 30180
30181 30220 30219
30182 30220 30181
30182 30221 30220
30183 30221 30182
30183 30222 30221
30184 30222 30183
30184 30223 30222
30184 30185 30145
30145 30185 30184
30145 30146 30105
30105 30146 30145
30106 30146 30105
30106 30147 30146
30107 30147 30106
30107 30148 30147
30107 30108 30066
30066 30108 30107
30067 30108 30066
30067 30109 30108
30067 30068 30025
30025 30068 30067
30026 30068 30025
30026 30069 30068
30026 30027 29983
29983 30027 30026
29984 30027 29983
29984 30028 30027
29985 30028 29984
29985 30029 30028
29985 29986 29941
29941 29986 29985
29941 29942 29896
29896 29942 29941
29896 29897 29850
29896 29850 29849
29849 29850 29802
29802 29850 29849
29802 29803 29754
29754 29803 29802
29754 29755 29705
29754 29705 29704
29704 29705 29654
29654 29705 29704
29654 29655 29603
29603 29655 29654
29603 29604 29551
29551 29604 29603
29551 29552 29498
29498 29552 29551
29498 29499 29444
29498 29444 29443
29443 29444 27839
29443 27839 27840
</Vertices>
                <Weights>0.67 0.33 0
0.67 0.33 0
0.67 0.33 0
0.67 0.33 0
0.67 0.33 0
0.67 0.33 0
0.67 0.33 0
0.67 0.33 0
0.67 0.33 0
0.67 0.33 0
0.67 0.33 0
0.67 0.33 0
0.67 0.33 0
0.67 0.33 0
0.67 0.33 0
0.67 0.33 0
0.67 0.33 0
0.67 0.33 0
0.67 0.33 0
0.67 0.33 0
0.67 0.33 0
0.67 0.33 0
0.67 0.33 0
0.67 0.33 0
0.67 0.33 0
0.67 0.33 0
0.67 0.33 0
0.67 0.33 0
0.67 0.33 0
0.67 0.33 0
0.67 0.33 0
0.67 0.33 0
0.67 0.33 0
0.67 0.33 0
0.67 0.33 0
0.67 0.33 0
0.67 0.33 0
0.67 0.33 0
0.67 0.33 0
0.67 0.33 0
0.67 0.33 0
0.67 0.33 0
0.67 0.33 0
0.67 0.33 0
0.67 0.33 0
0.67 0.33 0
0.67 0.33 0
0.67 0.33 0
0.67 0.33 0
0.67 0.33 0
0.67 0.33 0
0.67 0.33 0
0.67 0.33 0
0.67 0.33 0
0.67 0.33 0
0.67 0.33 0
0.67 0.33 0
0.67 0.33 0
0.67 0.33 0
0.67 0.33 0
0.67 0.33 0
0.67 0.33 0
0.67 0.33 0
0.67 0.33 0
0.67 0.33 0
0.67 0.33 0
0.67 0.33 0
0.67 0.33 0
0.67 0.33 0
0.67 0.33 0
0.67 0.33 0
0.67 0.33 0
0.67 0.33 0
0.67 0.33 0
0.67 0.33 0
0.67 0.33 0
0.67 0.33 0
0.67 0.33 0
0.67 0.33 0
