<?xml version="1.0" encoding="UTF-8"?>
<BorderFile Version="3" Structure="CORTEX_LEFT" SurfaceNumberOfVertices="163842">
    <MetaData>
        <MD>
            <Name>ProgramProvenance</Name>
            <Value>Connectome Workbench
Version: 1.0
Qt Compiled Version: 4.8.4
Qt Runtime Version: 4.8.4
commit: dfd2086d37612ccf2369b85b5f5f0f5987369339
commit date: 2014-09-09 13:23:57 -0500
Compiler: g++44 (/usr/bin)
Compiler Version: 4.4.7
Compiled Debug: NO
Operating System: Linux
</Value>
        </MD>
        <MD>
            <Name>Provenance</Name>
            <Value>/mnt/software/workbench/bin_rh_linux64/../exe_rh_linux64/wb_command -label-to-border ./fsaverage/164k/fsaverage.L.white.164k.surf.gii ./fsaverage/164k/fsaverage.L.BN_Atlas.164k.label.gii ./fsaverage/164k/fsaverage.L.BN_Atlas.164k.border</Value>
        </MD>
        <MD>
            <Name>WorkingDirectory</Name>
            <Value>/DATA/233/hli/BN_atlas_freesurfer</Value>
        </MD>
    </MetaData>
    <Class Name="node label" Red="0" Green="0" Blue="0">
        <Border Name="A8m_L" Red="0" Green="1" Blue="0">
            <BorderPart Closed="True">
                <Vertices>2147 50689 50691
50691 50689 2147
50691 50690 50689
19971 50690 109674
19971 109674 50690
19971 109675 109674
109677 109675 19971
109676 109675 9008
109676 9008 109675
82953 9008 82951
82953 82951 9008
82952 82951 37272
37272 82951 82950
37272 82950 152783
37272 152783 82950
152784 152783 37272
152775 152783 37269
152775 37269 152774
152775 152774 37269
124335 152774 26955
124335 26955 124334
124334 26955 60284
124334 60284 26955
124334 124333 60284
19961 124333 109657
19961 109657 109659
109659 109657 19961
109659 109658 109657
19962 109658 152752
152752 109658 19962
152752 82923 109658
152752 37261 82923
152753 37261 152752
152753 152751 37261
152754 152751 152753
152754 9004 152751
82920 9004 82918
82920 82918 9004
82919 82918 37259
82919 37259 82918
152746 37259 152745
152746 152745 37259
152746 55132 152745
23863 55132 55131
23863 55131 117120
117120 55131 23863
117120 117119 55131
14808 117119 100382
100382 117119 117118
100382 117118 3016
100382 3016 100383
100383 3016 100382
67465 3016 67463
67465 67463 3016
67465 67464 67463
30716 67464 133839
133839 67464 30716
133839 133838 67464
133839 14807 133838
100381 14807 100380
100381 100380 14807
67458 100380 14806
67458 14806 67459
67459 14806 67458
67459 133832 14806
133833 133832 67459
133833 30713 133832
133831 30713 133830
133830 30713 67456
133830 67456 30713
133830 133829 67456
30712 133829 133828
133828 133829 133827
133828 133827 498
133828 498 133827
43127 498 43125
43125 498 43123
43125 43123 498
43125 43124 43123
12405 43124 96056
12405 96056 43124
96057 96056 12405
96057 60251 96056
96057 4725 60251
96058 4725 96057
60257 4725 60255
60257 60255 4725
60257 60256 60255
26939 60256 124296
124296 60256 26939
124296 124295 60256
26938 124295 124294
26938 124294 152668
152668 124294 26938
50657 124294 2142
50657 2142 50655
50657 50655 2142
50656 50655 19935
50656 19935 50655
109613 19935 109611
109613 109611 19935
109612 109611 8994
109612 8994 109611
82847 8994 82845
82847 82845 8994
82847 82846 82845
82847 37231 82846
152662 37231 82847
152663 37231 152662
152663 152661 37231
152663 152664 37232
37232 152664 152663
152665 152664 37232
152665 54044 152664
23210 54044 54043
23210 54043 115597
115597 54043 23210
115597 115596 54043
13720 115596 98424
13720 98424 98426
98426 98424 13720
98426 98425 98424
13721 98425 129708
13721 129708 98425
64204 129708 13721
64204 129709 29194
64204 29194 129709
64205 29194 64204
64206 29194 64205
64206 129711 29194
129712 129711 64206
129712 29192 129711
129704 29192 129703
129704 129703 29192
47400 129703 16680
47400 16680 47401
47401 16680 47400
103754 16680 103752
103754 103752 16680
103754 103753 103752
16681 103753 140844
16681 140844 103753
73084 140844 16681
73084 140845 33226
73084 33226 140845
73085 33226 73084
73086 33226 73085
73086 140847 33226
73086 140848 33227
33227 140848 73086
140849 140848 33227
140849 119735 140848
140849 1608 119735
140858 1608 140849
47399 1608 47397
47399 47397 1608
47399 47398 47397
16679 47398 103750
103750 47398 16679
103750 103749 47398
16678 103749 103748
16678 103748 140835
140835 103748 16678
140835 73074 103748
33222 73074 73073
33222 73073 140833
140833 73073 33222
140833 140832 73073
27072 140832 124608
27072 124608 124610
27072 124610 124608
60481 124610 27072
60481 124611 27074
60481 27074 124611
60482 27074 60481
124613 27074 60482
124613 124614 60484
60484 124614 27075
60484 27075 124614
60485 27075 60484
60485 60486 27075
60487 60486 60485
60487 27076 60486
153504 27076 60487
153504 153505 83549
153504 83549 37513
37513 83549 83548
83548 83549 37513
83548 83550 9090
83548 9090 83546
83546 9090 83548
110034 9090 83546
110034 153509 153508
153508 153509 37515
153508 37515 83552
83552 37515 153508
83552 83553 83551
83551 83553 4804
83551 4804 83553
124623 4804 83551
124626 4804 124623
124626 110035 4804
124626 124627 27080
27080 124627 124626
27080 60494 60493
60493 60494 27080
60493 60495 4805
60493 4805 60491
60491 4805 60493
60491 96201 96200
96200 96201 12485
96200 12485 43204
96200 43204 12485
96199 43204 12483
12483 43204 43203
12483 43203 43204
134139 43203 12483
134139 134140 30826
30826 134140 134139
30826 134142 134140
67703 134142 30826
67703 134143 30828
30828 134143 67703
30828 134144 134143
30828 134146 134145
134145 134146 67706
67706 134146 30829
67706 30829 134146
67706 67707 67705
67705 67707 6630
67705 6630 67707
100529 6630 67705
134153 6630 100529
134153 134156 134155
134153 134155 30831
30831 134155 134154
134154 134155 67714
134154 67714 14891
134154 14891 100531
100531 14891 134154
100532 14891 100531
100532 100533 45611
100532 45611 14890
14890 45611 45610
45610 45611 14890
45610 45612 1124
45610 1124 45612
117236 1124 45610
117236 152829 152828
152828 152829 37287
37287 152829 152828
37287 152837 152836
37287 152836 82987
82987 152836 152835
152835 152836 37289
152835 37289 152834
152834 37289 82992
152834 82992 37289
152834 152833 82992
37288 152833 82990
82990 152833 109698
82990 109698 4741
82990 4741 82988
82988 4741 82990
82988 124360 124359
124359 124360 26966
124359 26966 60301
60301 26966 124359
60301 60302 60300
60300 60302 4740
60300 4740 60298
60300 60298 4740
60299 60298 26963
26963 60298 60297
26963 60297 124352
124352 60297 26963
124352 124351 60297
124352 26962 124351
124350 26962 124349
124349 26962 60294
124349 60294 26962
124348 60294 26960
124348 26960 124346
124346 26960 124345
124346 124345 26960
124346 50689 124345
</Vertices>
                <Weights>0.67 0.33 0
0.67 0.33 0
0.67 0.33 0
0.67 0.33 0
0.67 0.33 0
0.67 0.33 0
0.67 0.33 0
0.67 0.33 0
0.67 0.33 0
0.67 0.33 0
0.67 0.33 0
0.67 0.33 0
0.67 0.33 0
0.67 0.33 0
0.67 0.33 0
0.67 0.33 0
0.67 0.33 0
0.67 0.33 0
0.67 0.33 0
0.67 0.33 0
0.67 0.33 0
0.67 0.33 0
0.67 0.33 0
0.67 0.33 0
0.67 0.33 0
0.67 0.33 0
0.67 0.33 0
0.67 0.33 0
0.67 0.33 0
0.67 0.33 0
0.67 0.33 0
0.67 0.33 0
0.67 0.33 0
0.67 0.33 0
0.67 0.33 0
0.67 0.33 0
0.67 0.33 0
0.67 0.33 0
0.67 0.33 0
0.67 0.33 0
0.67 0.33 0
0.67 0.33 0
0.67 0.33 0
0.67 0.33 0
0.67 0.33 0
0.67 0.33 0
0.67 0.33 0
0.67 0.33 0
0.67 0.33 0
0.67 0.33 0
0.67 0.33 0
0.67 0.33 0
0.67 0.33 0
0.67 0.33 0
0.67 0.33 0
0.67 0.33 0
0.67 0.33 0
0.67 0.33 0
0.67 0.33 0
0.67 0.33 0
0.67 0.33 0
0.67 0.33 0
0.67 0.33 0
0.67 0.33 0
0.67 0.33 0
0.67 0.33 0
0.67 0.33 0
0.67 0.33 0
0.67 0.33 0
0.67 0.33 0
0.67 0.33 0
0.67 0.33 0
0.67 0.33 0
0.67 0.33 0
0.67 0.33 0
0.67 0.33 0
0.67 0.33 0
0.67 0.33 0
0.67 0.33 0
0.67 0.33 0
0.67 0.33 0
0.67 0.33 0
0.67 0.33 0
0.67 0.33 0
0.67 0.33 0
0.67 0.33 0
0.67 0.33 0
0.67 0.33 0
0.67 0.33 0
0.67 0.33 0
0.67 0.33 0
0.67 0.33 0
0.67 0.33 0
0.67 0.33 0
0.67 0.33 0
0.67 0.33 0
0.67 0.33 0
0.67 0.33 0
0.67 0.33 0
0.67 0.33 0
0.67 0.33 0
0.67 0.33 0
0.67 0.33 0
0.67 0.33 0
0.67 0.33 0
0.67 0.33 0
0.67 0.33 0
0.67 0.33 0
0.67 0.33 0
0.67 0.33 0
0.67 0.33 0
0.67 0.33 0
0.67 0.33 0
0.67 0.33 0
0.67 0.33 0
0.67 0.33 0
0.67 0.33 0
0.67 0.33 0
0.67 0.33 0
0.67 0.33 0
0.67 0.33 0
0.67 0.33 0
0.67 0.33 0
0.67 0.33 0
0.67 0.33 0
0.67 0.33 0
0.67 0.33 0
0.67 0.33 0
0.67 0.33 0
0.67 0.33 0
0.67 0.33 0
0.67 0.33 0
0.67 0.33 0
0.67 0.33 0
0.67 0.33 0
0.67 0.33 0
0.67 0.33 0
0.67 0.33 0
0.67 0.33 0
0.67 0.33 0
0.67 0.33 0
0.67 0.33 0
0.67 0.33 0
0.67 0.33 0
0.67 0.33 0
0.67 0.33 0
0.67 0.33 0
0.67 0.33 0
0.67 0.33 0
0.67 0.33 0
0.67 0.33 0
0.67 0.33 0
0.67 0.33 0
0.67 0.33 0
0.67 0.33 0
0.67 0.33 0
0.67 0.33 0
0.67 0.33 0
0.67 0.33 0
0.67 0.33 0
0.67 0.33 0
0.67 0.33 0
0.67 0.33 0
0.67 0.33 0
0.67 0.33 0
0.67 0.33 0
0.67 0.33 0
0.67 0.33 0
0.67 0.33 0
0.67 0.33 0
0.67 0.33 0
0.67 0.33 0
0.67 0.33 0
0.67 0.33 0
0.67 0.33 0
0.67 0.33 0
0.67 0.33 0
0.67 0.33 0
0.67 0.33 0
0.67 0.33 0
0.67 0.33 0
0.67 0.33 0
0.67 0.33 0
0.67 0.33 0
0.67 0.33 0
0.67 0.33 0
0.67 0.33 0
0.67 0.33 0
0.67 0.33 0
0.67 0.33 0
0.67 0.33 0
0.67 0.33 0
0.67 0.33 0
0.67 0.33 0
0.67 0.33 0
0.67 0.33 0
0.67 0.33 0
0.67 0.33 0
0.67 0.33 0
0.67 0.33 0
0.67 0.33 0
0.67 0.33 0
0.67 0.33 0
0.67 0.33 0
0.67 0.33 0
0.67 0.33 0
0.67 0.33 0
0.67 0.33 0
0.67 0.33 0
0.67 0.33 0
0.67 0.33 0
0.67 0.33 0
0.67 0.33 0
0.67 0.33 0
0.67 0.33 0
0.67 0.33 0
0.67 0.33 0
0.67 0.33 0
0.67 0.33 0
0.67 0.33 0
0.67 0.33 0
0.67 0.33 0
0.67 0.33 0
0.67 0.33 0
0.67 0.33 0
0.67 0.33 0
0.67 0.33 0
0.67 0.33 0
0.67 0.33 0
0.67 0.33 0
0.67 0.33 0
0.67 0.33 0
0.67 0.33 0
0.67 0.33 0
0.67 0.33 0
0.67 0.33 0
0.67 0.33 0
0.67 0.33 0
0.67 0.33 0
0.67 0.33 0
0.67 0.33 0
0.67 0.33 0
0.67 0.33 0
0.67 0.33 0
0.67 0.33 0
0.67 0.33 0
0.67 0.33 0
0.67 0.33 0
0.67 0.33 0
0.67 0.33 0
0.67 0.33 0
0.67 0.33 0
0.67 0.33 0
0.67 0.33 0
0.67 0.33 0
0.67 0.33 0
0.67 0.33 0
0.67 0.33 0
0.67 0.33 0
0.67 0.33 0
0.67 0.33 0
0.67 0.33 0
0.67 0.33 0
0.67 0.33 0
0.67 0.33 0
0.67 0.33 0
0.67 0.33 0
0.67 0.33 0
0.67 0.33 0
0.67 0.33 0
0.67 0.33 0
0.67 0.33 0
0.67 0.33 0
0.67 0.33 0
0.67 0.33 0
0.67 0.33 0
0.67 0.33 0
0.67 0.33 0
0.67 0.33 0
0.67 0.33 0
0.67 0.33 0
0.67 0.33 0
0.67 0.33 0
0.67 0.33 0
0.67 0.33 0
0.67 0.33 0
</Weights>
            </BorderPart>
        </Border>
        <Border Name="A8dl_L" Red="1" Green="0" Blue="0">
            <BorderPart Closed="True">
                <Vertices>498 43125 43123
43123 43125 498
43124 43125 43123
43124 12405 96056
43124 96056 12405
96055 96056 43124
96055 12404 96054
96055 96054 96053
96053 96054 4723
4723 96054 96053
4723 60250 60248
60248 60250 4723
60248 60249 26933
26933 60249 60248
26933 124285 124283
124283 124285 26933
124284 124285 124283
124284 26934 152641
124284 152641 26934
50650 152641 124284
50650 19930 50649
50649 19930 109601
50649 109601 19930
50649 109600 19928
19928 109600 109598
109598 109600 19928
109598 109599 8991
8991 109599 109598
8991 82825 82823
82823 82825 8991
82823 82824 37221
37221 82824 82823
152632 82824 37221
152632 152633 82824
152632 12382 43102
43102 12382 43101
43101 12382 96015
43101 96015 12382
43101 96014 12380
12380 96014 96012
96012 96014 12380
96012 96013 4700
96012 4700 60176
60176 4700 60178
60178 4700 60176
60178 60180 4700
60178 60179 26891
26891 60179 60178
124186 60179 26891
124186 124187 60179
124186 19856 109468
109468 19856 109470
109468 109470 19856
109469 109470 109468
109469 19857 152374
152374 19857 109469
152374 82610 19857
152374 152375 82610
37135 152375 152374
152373 152375 37135
152373 152376 152375
152373 8962 109467
109467 8962 82601
82601 8962 82603
82601 82603 8962
82602 82603 82601
82602 37133 152366
152366 37133 82602
152367 37133 152366
152367 152368 37133
152367 60172 4697
4697 60172 60170
4697 60170 60168
60168 60170 4697
60168 60169 12376
12376 60169 60168
124172 60169 12376
124172 124173 60169
124172 26885 60167
60167 26885 60166
60166 26885 124170
60166 124170 26885
60166 124169 26883
26883 124169 124167
124167 124169 26883
124167 124168 2130
124167 2130 50561
50561 2130 50563
50561 50563 2130
50562 50563 50561
50562 19843 109444
50562 109444 19843
109443 109444 50562
19842 109444 109443
19842 82564 82565
82565 82564 19842
82565 82566 82564
37118 82566 82565
82567 82566 37118
82567 82568 82566
82567 37119 152324
152324 37119 82567
152324 152325 37119
152316 152325 152324
152316 2127 124135
124135 2127 50538
124135 50538 124134
124135 124134 26869
26869 124134 60141
60141 124134 26869
60141 124133 26868
60141 26868 60140
60140 26868 60139
60139 26868 124131
60139 124131 26868
60139 124130 12366
12366 124130 95986
95986 124130 12366
95986 60137 4685
95986 4685 95985
95985 4685 60131
95985 60131 95984
95984 60131 12364
95984 12364 95983
95983 12364 95982
95983 95982 95981
95981 95982 4683
95981 4683 95982
95981 133681 4683
133682 133681 30657
30657 133681 133680
30657 133680 67339
67339 133680 30657
67339 133679 14766
14766 133679 100306
14766 100306 133679
100307 100306 100305
100307 100305 14765
14765 100305 100304
14765 100304 45484
45484 100304 14765
45484 100303 14763
45484 14763 45483
45483 14763 45484
117057 14763 117056
117057 117056 55086
117057 55086 23836
23836 55086 117057
23836 55087 55086
152260 55087 152259
152260 152259 37097
37097 152259 152258
152258 152259 37097
152258 152256 37096
152258 37096 152257
152257 37096 82510
152257 82510 109410
109410 82510 7537
109410 7537 109409
109409 7537 109410
140407 7537 140404
140407 140404 140406
140407 140406 33075
33075 140406 72724
33075 72724 140406
72725 72724 72723
72725 72723 7538
7538 72723 72725
7538 103540 72723
140413 103540 140412
140413 140412 33077
140413 33077 140412
140415 33077 140414
140414 33077 72730
140414 72730 103542
140414 103542 16564
16564 103542 140414
103543 103542 103541
103543 103541 16563
103543 16563 103541
47284 16563 47283
47284 47283 16563
47285 47283 1586
1586 47283 47285
1586 119578 47283
1586 140437 119578
140446 140437 140445
140445 140437 33085
140445 33085 140444
140445 140444 72757
72757 140444 33087
33087 140444 140443
33087 140443 140442
33087 140442 72755
72755 140442 33087
140441 140442 72755
140441 33086 72753
140441 72753 103556
103556 72753 3604
3604 72753 72751
3604 72751 72753
3604 119583 72751
119586 119583 119585
119585 119583 24919
119585 24919 119584
119584 24919 56890
119584 56890 94038
94038 56890 3603
94038 3603 94037
94037 3603 94038
94037 129577 3603
94037 129578 129577
11283 129578 94037
129579 129578 64101
129579 64101 29146
29146 64101 129579
29146 64102 64101
29146 152440 64102
152441 152440 82664
82664 152440 37157
82664 37157 82663
82664 82663 37157
82665 82663 8970
82665 8970 82663
152466 8970 152463
152463 8970 109503
152463 109503 152462
152463 152462 37165
37165 152462 82682
82682 152462 37165
82682 152461 37164
82682 37164 82681
82681 37164 82680
82680 37164 152459
82680 152459 37164
152458 152459 82680
152458 37161 82673
152458 82673 152457
152457 82673 8971
8971 82673 82671
8971 82671 82669
82669 82671 8971
82669 82670 19877
19877 82670 82669
19877 152446 109505
19877 109505 152446
109506 109505 109504
109506 109504 19876
19876 109504 109506
19876 133750 109504
19876 133751 133750
50596 133751 19876
133752 133751 30684
133752 30684 133751
133760 30684 133759
133760 133759 67402
67402 133759 30686
67402 30686 67401
67401 30686 67400
67401 67400 67399
67401 67399 6569
6569 67399 67401
100346 67399 100345
100346 100345 14788
100346 14788 100345
100348 14788 100346
45509 14788 45508
45509 45508 14788
45509 45510 45508
14790 45510 45509
14790 152515 45510
152516 152515 82727
152516 82727 37183
37183 82727 152516
82728 82727 82726
82728 82726 8978
82728 8978 82726
109541 8978 109540
109540 8978 82722
109540 82722 109539
109540 109539 19896
19896 109539 50615
50615 109539 19896
50615 109538 19894
50615 19894 50614
50614 19894 50615
124240 19894 124239
124240 124239 60217
124240 60217 26915
26915 60217 124240
60218 60217 60216
60218 60216 4713
60218 4713 60216
152529 4713 152526
152526 4713 96035
152526 96035 152525
152526 152525 37186
37186 152525 82735
37186 82735 152525
82736 82735 82734
82736 82734 6572
6572 82734 82736
6572 133775 82734
133778 133775 133777
133778 133777 30694
30694 133777 67415
30694 67415 133777
30694 67416 67415
67417 67416 30694
67418 67416 6573
67418 6573 67416
67418 133787 6573
133788 133787 30697
30697 133787 133786
30697 133786 67423
30697 67423 133786
67424 67423 67422
67422 67423 14795
67422 14795 67423
100359 14795 100358
100359 100358 45515
45515 100358 14794
14794 100358 100356
14794 100356 100358
14794 117099 100356
117100 117099 55117
55117 117099 23854
55117 23854 55116
55116 23854 55115
55116 55115 55114
55116 55114 3013
3013 55114 55116
92975 55114 92974
92975 92974 10693
92975 10693 92974
92977 10693 92975
92977 41414 10693
92978 41414 10695
10695 41414 92978
10695 41415 41414
10695 41416 41415
92981 41416 10695
92982 41416 10697
92982 10697 41416
92982 92983 10697
55128 92983 92982
3017 92983 55128
3017 152742 92983
3017 152745 152742
55132 152745 3017
55132 152746 152745
55132 23863 55131
55131 23863 117120
55131 117120 23863
117119 117120 55131
117119 14808 100382
117119 100382 117118
117118 100382 3016
3016 100382 100383
3016 100383 100382
3016 67465 67463
67463 67465 3016
67464 67465 67463
67464 30716 133839
67464 133839 30716
133838 133839 67464
14807 133839 133838
14807 100381 100380
100380 100381 14807
100380 67458 14806
14806 67458 67459
14806 67459 67458
133832 67459 14806
133832 133833 67459
30713 133833 133832
30713 133831 133830
30713 133830 67456
67456 133830 30713
133829 133830 67456
133829 30712 133828
133829 133828 133827
133827 133828 498
498 133828 133827
498 43127 43125
</Vertices>
                <Weights>0.67 0.33 0
0.67 0.33 0
0.67 0.33 0
0.67 0.33 0
0.67 0.33 0
0.67 0.33 0
0.67 0.33 0
0.67 0.33 0
0.67 0.33 0
0.67 0.33 0
0.67 0.33 0
0.67 0.33 0
0.67 0.33 0
0.67 0.33 0
0.67 0.33 0
0.67 0.33 0
0.67 0.33 0
0.67 0.33 0
0.67 0.33 0
0.67 0.33 0
0.67 0.33 0
0.67 0.33 0
0.67 0.33 0
0.67 0.33 0
0.67 0.33 0
0.67 0.33 0
0.67 0.33 0
0.67 0.33 0
0.67 0.33 0
0.67 0.33 0
0.67 0.33 0
0.67 0.33 0
0.67 0.33 0
0.67 0.33 0
0.67 0.33 0
0.67 0.33 0
0.67 0.33 0
0.67 0.33 0
0.67 0.33 0
0.67 0.33 0
0.67 0.33 0
0.67 0.33 0
0.67 0.33 0
0.67 0.33 0
0.67 0.33 0
0.67 0.33 0
0.67 0.33 0
0.67 0.33 0
0.67 0.33 0
0.67 0.33 0
0.67 0.33 0
0.67 0.33 0
0.67 0.33 0
0.67 0.33 0
0.67 0.33 0
0.67 0.33 0
0.67 0.33 0
0.67 0.33 0
0.67 0.33 0
0.67 0.33 0
0.67 0.33 0
0.67 0.33 0
0.67 0.33 0
0.67 0.33 0
0.67 0.33 0
0.67 0.33 0
0.67 0.33 0
0.67 0.33 0
0.67 0.33 0
0.67 0.33 0
0.67 0.33 0
0.67 0.33 0
0.67 0.33 0
0.67 0.33 0
0.67 0.33 0
0.67 0.33 0
0.67 0.33 0
0.67 0.33 0
0.67 0.33 0
0.67 0.33 0
0.67 0.33 0
0.67 0.33 0
0.67 0.33 0
0.67 0.33 0
0.67 0.33 0
0.67 0.33 0
0.67 0.33 0
0.67 0.33 0
0.67 0.33 0
0.67 0.33 0
0.67 0.33 0
0.67 0.33 0
0.67 0.33 0
0.67 0.33 0
0.67 0.33 0
0.67 0.33 0
0.67 0.33 0
0.67 0.33 0
0.67 0.33 0
0.67 0.33 0
0.67 0.33 0
0.67 0.33 0
0.67 0.33 0
0.67 0.33 0
0.67 0.33 0
0.67 0.33 0
0.67 0.33 0
0.67 0.33 0
0.67 0.33 0
0.67 0.33 0
0.67 0.33 0
0.67 0.33 0
0.67 0.33 0
0.67 0.33 0
0.67 0.33 0
0.67 0.33 0
0.67 0.33 0
0.67 0.33 0
0.67 0.33 0
0.67 0.33 0
0.67 0.33 0
0.67 0.33 0
0.67 0.33 0
0.67 0.33 0
0.67 0.33 0
0.67 0.33 0
0.67 0.33 0
0.67 0.33 0
0.67 0.33 0
0.67 0.33 0
0.67 0.33 0
0.67 0.33 0
0.67 0.33 0
0.67 0.33 0
0.67 0.33 0
0.67 0.33 0
0.67 0.33 0
0.67 0.33 0
0.67 0.33 0
0.67 0.33 0
0.67 0.33 0
0.67 0.33 0
0.67 0.33 0
0.67 0.33 0
0.67 0.33 0
0.67 0.33 0
0.67 0.33 0
0.67 0.33 0
0.67 0.33 0
0.67 0.33 0
0.67 0.33 0
0.67 0.33 0
0.67 0.33 0
0.67 0.33 0
0.67 0.33 0
0.67 0.33 0
0.67 0.33 0
0.67 0.33 0
0.67 0.33 0
0.67 0.33 0
0.67 0.33 0
0.67 0.33 0
0.67 0.33 0
0.67 0.33 0
0.67 0.33 0
0.67 0.33 0
0.67 0.33 0
0.67 0.33 0
0.67 0.33 0
0.67 0.33 0
0.67 0.33 0
0.67 0.33 0
0.67 0.33 0
0.67 0.33 0
0.67 0.33 0
0.67 0.33 0
0.67 0.33 0
0.67 0.33 0
0.67 0.33 0
0.67 0.33 0
0.67 0.33 0
0.67 0.33 0
0.67 0.33 0
0.67 0.33 0
0.67 0.33 0
0.67 0.33 0
0.67 0.33 0
0.67 0.33 0
0.67 0.33 0
0.67 0.33 0
0.67 0.33 0
0.67 0.33 0
0.67 0.33 0
0.67 0.33 0
0.67 0.33 0
0.67 0.33 0
0.67 0.33 0
0.67 0.33 0
0.67 0.33 0
0.67 0.33 0
0.67 0.33 0
0.67 0.33 0
0.67 0.33 0
0.67 0.33 0
0.67 0.33 0
0.67 0.33 0
0.67 0.33 0
0.67 0.33 0
0.67 0.33 0
0.67 0.33 0
0.67 0.33 0
0.67 0.33 0
0.67 0.33 0
0.67 0.33 0
0.67 0.33 0
0.67 0.33 0
0.67 0.33 0
0.67 0.33 0
0.67 0.33 0
0.67 0.33 0
0.67 0.33 0
0.67 0.33 0
0.67 0.33 0
0.67 0.33 0
0.67 0.33 0
0.67 0.33 0
0.67 0.33 0
0.67 0.33 0
0.67 0.33 0
0.67 0.33 0
0.67 0.33 0
0.67 0.33 0
0.67 0.33 0
0.67 0.33 0
0.67 0.33 0
0.67 0.33 0
0.67 0.33 0
0.67 0.33 0
0.67 0.33 0
0.67 0.33 0
0.67 0.33 0
0.67 0.33 0
0.67 0.33 0
0.67 0.33 0
0.67 0.33 0
0.67 0.33 0
0.67 0.33 0
0.67 0.33 0
0.67 0.33 0
0.67 0.33 0
0.67 0.33 0
0.67 0.33 0
0.67 0.33 0
0.67 0.33 0
0.67 0.33 0
0.67 0.33 0
0.67 0.33 0
0.67 0.33 0
0.67 0.33 0
0.67 0.33 0
0.67 0.33 0
0.67 0.33 0
0.67 0.33 0
0.67 0.33 0
0.67 0.33 0
0.67 0.33 0
0.67 0.33 0
0.67 0.33 0
0.67 0.33 0
0.67 0.33 0
0.67 0.33 0
0.67 0.33 0
0.67 0.33 0
0.67 0.33 0
0.67 0.33 0
0.67 0.33 0
0.67 0.33 0
0.67 0.33 0
0.67 0.33 0
0.67 0.33 0
0.67 0.33 0
0.67 0.33 0
0.67 0.33 0
0.67 0.33 0
0.67 0.33 0
0.67 0.33 0
0.67 0.33 0
0.67 0.33 0
0.67 0.33 0
0.67 0.33 0
0.67 0.33 0
0.67 0.33 0
0.67 0.33 0
0.67 0.33 0
0.67 0.33 0
0.67 0.33 0
0.67 0.33 0
0.67 0.33 0
0.67 0.33 0
0.67 0.33 0
0.67 0.33 0
0.67 0.33 0
0.67 0.33 0
0.67 0.33 0
0.67 0.33 0
0.67 0.33 0
0.67 0.33 0
0.67 0.33 0
0.67 0.33 0
0.67 0.33 0
0.67 0.33 0
0.67 0.33 0
0.67 0.33 0
0.67 0.33 0
0.67 0.33 0
0.67 0.33 0
0.67 0.33 0
0.67 0.33 0
0.67 0.33 0
0.67 0.33 0
0.67 0.33 0
0.67 0.33 0
0.67 0.33 0
0.67 0.33 0
0.67 0.33 0
0.67 0.33 0
0.67 0.33 0
0.67 0.33 0
0.67 0.33 0
0.67 0.33 0
0.67 0.33 0
0.67 0.33 0
0.67 0.33 0
0.67 0.33 0
0.67 0.33 0
0.67 0.33 0
0.67 0.33 0
0.67 0.33 0
0.67 0.33 0
0.67 0.33 0
0.67 0.33 0
0.67 0.33 0
0.67 0.33 0
0.67 0.33 0
0.67 0.33 0
0.67 0.33 0
0.67 0.33 0
0.67 0.33 0
0.67 0.33 0
0.67 0.33 0
0.67 0.33 0
0.67 0.33 0
0.67 0.33 0
0.67 0.33 0
0.67 0.33 0
0.67 0.33 0
0.67 0.33 0
0.67 0.33 0
0.67 0.33 0
0.67 0.33 0
0.67 0.33 0
0.67 0.33 0
0.67 0.33 0
0.67 0.33 0
0.67 0.33 0
0.67 0.33 0
0.67 0.33 0
0.67 0.33 0
0.67 0.33 0
0.67 0.33 0
0.67 0.33 0
0.67 0.33 0
0.67 0.33 0
0.67 0.33 0
0.67 0.33 0
0.67 0.33 0
0.67 0.33 0
0.67 0.33 0
0.67 0.33 0
0.67 0.33 0
0.67 0.33 0
0.67 0.33 0
0.67 0.33 0
0.67 0.33 0
</Weights>
            </BorderPart>
        </Border>
        <Border Name="A9l_L" Red="1" Green="0.482353" Blue="0.862745">
            <BorderPart Closed="True">
                <Vertices>1465 46683 46685
46685 46683 1465
46685 46684 46683
15965 46684 102464
15965 102464 46684
102465 102464 15965
70931 102464 15964
70931 15964 70932
70931 70932 15964
70933 70932 70931
32317 70932 138214
32317 138214 70932
32317 138215 138214
138216 138215 32317
70927 138215 7257
70927 7257 70925
70927 70925 7257
70927 70926 70925
32315 70926 138208
138208 70926 32315
138208 138207 70926
138208 24551 138207
118727 24551 118726
118727 118726 24551
46675 118726 15955
15955 118726 118725
15955 118725 102447
15955 102447 102449
102449 102447 15955
102448 102447 3398
102448 3398 102447
102448 70907 3398
138186 70907 102448
32307 70907 70906
32307 70906 138184
138184 70906 32307
138184 138183 70906
15954 138183 46674
15954 46674 46673
46673 46674 46672
46673 46672 15952
15952 46672 46673
15952 46716 102522
102522 46716 15952
102522 102521 46716
102522 15996 102521
71028 15996 71029
71029 15996 71028
71029 138332 15996
71029 138333 32358
32358 138333 71029
32358 138334 138333
138335 138334 32358
138335 92606 138334
138335 10488 92606
138336 10488 138335
138336 41208 10488
138172 41208 138336
138172 52 138173
138172 138173 52
138174 138173 138172
32303 138173 145665
32303 145665 138173
32303 77041 77040
77040 77041 32303
77042 77041 77040
77042 34881 77041
145668 34881 77042
145668 145669 77044
77044 145669 34882
34882 145669 77044
34882 145670 145669
34882 145671 145670
77046 145671 34882
77046 145672 34883
34883 145672 77046
34883 145673 145672
145681 145673 34883
145681 145682 34886
34886 145682 145681
34886 145683 145682
34886 77056 77055
77055 77056 34886
77057 77056 77055
77057 34887 77056
77057 145686 106138
106138 145686 18006
18006 145686 106138
18006 77059 77058
77058 77059 18006
77058 77060 8195
8195 77060 77058
8195 77062 77060
145715 77062 8195
145715 145716 34897
34897 145716 145715
34897 77084 77083
77083 77084 34897
77083 77085 8198
8198 77085 77083
8198 77087 77085
8198 106156 106155
106155 106156 8198
106157 106156 106155
106157 18016 106156
106158 18016 106157
106158 77088 18016
106158 106159 18017
18017 106159 106158
145729 106159 18017
145729 145730 34902
34902 145730 145729
34902 145732 145731
145731 145732 77097
145731 77097 18019
145731 18019 106161
106161 18019 145731
106161 106162 106160
106160 106162 18018
106160 18018 106162
106160 121613 121612
121612 121613 25788
25788 121613 121612
25788 58341 58340
58340 58341 25788
58340 58342 4087
4087 58342 58340
58344 58342 4087
58344 58343 58342
58344 25791 58343
121620 25791 58344
121620 121621 58346
58346 121621 25792
58346 25792 121621
58347 25792 58346
58347 58348 25792
58349 58348 58347
25793 58348 121624
25793 121624 58348
25793 121625 121624
145780 121625 25793
145780 145781 34919
34919 145781 145780
34919 145789 145788
145788 145789 77144
145788 77144 34921
34921 77144 77143
34921 77143 77142
77142 77143 77141
77142 77141 18034
18034 77141 77142
18034 106190 106189
106189 106190 48754
106189 48754 18033
18033 48754 48753
18033 48753 48754
121635 48753 18033
121636 48753 121635
121636 1861 48753
121636 121637 1861
121638 121637 121636
25799 121637 145809
25799 145809 121637
25799 77161 77160
77160 77161 25799
77162 77161 77160
77162 34929 77161
77162 145812 106201
106201 145812 18041
18041 145812 106201
18041 77164 77163
18041 77163 77164
106203 77163 18041
106203 106204 18042
18042 106204 106203
106206 106204 18042
106206 106205 106204
106206 18043 106205
106207 18043 106206
106207 77170 18043
106208 77170 106207
8210 77170 77172
8210 77172 77170
8210 77174 77172
152412 77174 8210
152413 77174 152412
152413 34934 77174
152413 152414 82641
82641 152414 37149
37149 152414 82641
37149 152415 152414
37149 152657 152656
152656 152657 82844
82844 152657 37230
82844 37230 152657
82845 37230 82844
82845 82846 37230
82845 82847 8994
8994 82847 82845
8994 109612 109611
109611 109612 8994
109611 109613 19935
19935 109613 109611
19935 50656 50655
50655 50656 19935
50655 50657 2142
2142 50657 50655
124294 50657 2142
124294 152668 26938
124294 26938 152668
124295 26938 124294
124295 124296 60256
60256 124296 26939
60256 26939 124296
60256 60257 60255
60255 60257 4725
4725 60257 60255
4725 96058 96057
4725 96057 60251
60251 96057 96056
96056 96057 12405
96056 12405 43124
96056 43124 12405
96056 96055 43124
12404 96055 96054
96054 96055 96053
96054 96053 4723
96054 4723 96053
60250 4723 60248
60250 60248 4723
60249 60248 26933
60249 26933 60248
124285 26933 124283
124285 124283 26933
124285 124284 124283
26934 124284 152641
152641 124284 26934
152641 50650 124284
19930 50650 50649
19930 50649 109601
109601 50649 19930
109600 50649 19928
109600 19928 109598
109600 109598 19928
109599 109598 8991
109599 8991 109598
82825 8991 82823
82825 82823 8991
82824 82823 37221
82824 37221 82823
82824 152632 37221
152633 152632 82824
12382 152632 43102
12382 43102 43101
12382 43101 96015
96015 43101 12382
96014 43101 12380
96014 12380 96012
96014 96012 12380
96013 96012 4700
4700 96012 60176
4700 60176 60178
4700 60178 60176
60180 60178 4700
60179 60178 26891
60179 26891 60178
60179 124186 26891
124187 124186 60179
19856 124186 109468
19856 109468 109470
109470 109468 19856
109470 109469 109468
19857 109469 152374
19857 152374 109469
82610 152374 19857
152375 152374 82610
152375 37135 152374
152375 152373 37135
152376 152373 152375
8962 152373 109467
8962 109467 82601
8962 82601 82603
82603 82601 8962
82603 82602 82601
37133 82602 152366
37133 152366 82602
37133 152367 152366
152368 152367 37133
60172 152367 4697
60172 4697 60170
60170 4697 60168
60170 60168 4697
60169 60168 12376
60169 12376 60168
60169 124172 12376
124173 124172 60169
26885 124172 60167
26885 60167 60166
26885 60166 124170
124170 60166 26885
124169 60166 26883
124169 26883 124167
124169 124167 26883
124168 124167 2130
2130 124167 50561
2130 50561 50563
50563 50561 2130
50563 50562 50561
19843 50562 109444
109444 50562 19843
109444 109443 50562
109444 19842 109443
82564 19842 82565
82564 82565 19842
82566 82565 82564
82566 37118 82565
82566 82567 37118
82568 82567 82566
37119 82567 152324
37119 152324 82567
152325 152324 37119
152325 152316 152324
2127 152316 124135
2127 124135 50538
2127 50538 50540
50540 50538 2127
50540 50539 50538
19820 50539 109403
19820 109403 50539
109404 109403 19820
82496 109403 19819
82496 19819 82497
82496 82497 19819
82498 82497 82496
82498 37091 82497
82499 37091 82498
152242 37091 152241
152242 152241 37091
152242 82492 152241
37089 82492 82491
37089 82491 152234
152234 82491 37089
152234 152233 82491
24560 152233 56294
24560 56294 56293
56293 56294 56292
56292 56294 3404
56292 3404 56290
56292 56290 3404
56291 56290 11083
56291 11083 56290
118743 11083 93677
118743 93677 11083
118743 56289 93677
24558 56289 56288
56288 56289 56287
56288 56287 24556
56288 24556 56287
118740 24556 118738
118738 24556 118737
118738 118737 24556
118738 46683 118737
</Vertices>
                <Weights>0.67 0.33 0
0.67 0.33 0
0.67 0.33 0
0.67 0.33 0
0.67 0.33 0
0.67 0.33 0
0.67 0.33 0
0.67 0.33 0
0.67 0.33 0
0.67 0.33 0
0.67 0.33 0
0.67 0.33 0
0.67 0.33 0
0.67 0.33 0
0.67 0.33 0
0.67 0.33 0
0.67 0.33 0
0.67 0.33 0
0.67 0.33 0
0.67 0.33 0
0.67 0.33 0
0.67 0.33 0
0.67 0.33 0
0.67 0.33 0
0.67 0.33 0
0.67 0.33 0
0.67 0.33 0
0.67 0.33 0
0.67 0.33 0
0.67 0.33 0
0.67 0.33 0
0.67 0.33 0
0.67 0.33 0
0.67 0.33 0
0.67 0.33 0
0.67 0.33 0
0.67 0.33 0
0.67 0.33 0
0.67 0.33 0
0.67 0.33 0
0.67 0.33 0
0.67 0.33 0
0.67 0.33 0
0.67 0.33 0
0.67 0.33 0
0.67 0.33 0
0.67 0.33 0
0.67 0.33 0
0.67 0.33 0
0.67 0.33 0
0.67 0.33 0
0.67 0.33 0
0.67 0.33 0
0.67 0.33 0
0.67 0.33 0
0.67 0.33 0
0.67 0.33 0
0.67 0.33 0
0.67 0.33 0
0.67 0.33 0
0.67 0.33 0
0.67 0.33 0
0.67 0.33 0
0.67 0.33 0
0.67 0.33 0
0.67 0.33 0
0.67 0.33 0
0.67 0.33 0
0.67 0.33 0
0.67 0.33 0
0.67 0.33 0
0.67 0.33 0
0.67 0.33 0
0.67 0.33 0
0.67 0.33 0
0.67 0.33 0
0.67 0.33 0
0.67 0.33 0
0.67 0.33 0
0.67 0.33 0
0.67 0.33 0
0.67 0.33 0
0.67 0.33 0
0.67 0.33 0
0.67 0.33 0
0.67 0.33 0
0.67 0.33 0
0.67 0.33 0
0.67 0.33 0
0.67 0.33 0
0.67 0.33 0
0.67 0.33 0
0.67 0.33 0
0.67 0.33 0
0.67 0.33 0
0.67 0.33 0
0.67 0.33 0
0.67 0.33 0
0.67 0.33 0
0.67 0.33 0
0.67 0.33 0
0.67 0.33 0
0.67 0.33 0
0.67 0.33 0
0.67 0.33 0
0.67 0.33 0
0.67 0.33 0
0.67 0.33 0
0.67 0.33 0
0.67 0.33 0
0.67 0.33 0
0.67 0.33 0
0.67 0.33 0
0.67 0.33 0
0.67 0.33 0
0.67 0.33 0
0.67 0.33 0
0.67 0.33 0
0.67 0.33 0
0.67 0.33 0
0.67 0.33 0
0.67 0.33 0
0.67 0.33 0
0.67 0.33 0
0.67 0.33 0
0.67 0.33 0
0.67 0.33 0
0.67 0.33 0
0.67 0.33 0
0.67 0.33 0
0.67 0.33 0
0.67 0.33 0
0.67 0.33 0
0.67 0.33 0
0.67 0.33 0
0.67 0.33 0
0.67 0.33 0
0.67 0.33 0
0.67 0.33 0
0.67 0.33 0
0.67 0.33 0
0.67 0.33 0
0.67 0.33 0
0.67 0.33 0
0.67 0.33 0
0.67 0.33 0
0.67 0.33 0
0.67 0.33 0
0.67 0.33 0
0.67 0.33 0
0.67 0.33 0
0.67 0.33 0
0.67 0.33 0
0.67 0.33 0
0.67 0.33 0
0.67 0.33 0
0.67 0.33 0
0.67 0.33 0
0.67 0.33 0
0.67 0.33 0
0.67 0.33 0
0.67 0.33 0
0.67 0.33 0
0.67 0.33 0
0.67 0.33 0
0.67 0.33 0
0.67 0.33 0
0.67 0.33 0
0.67 0.33 0
0.67 0.33 0
0.67 0.33 0
0.67 0.33 0
0.67 0.33 0
0.67 0.33 0
0.67 0.33 0
0.67 0.33 0
0.67 0.33 0
0.67 0.33 0
0.67 0.33 0
0.67 0.33 0
0.67 0.33 0
0.67 0.33 0
0.67 0.33 0
0.67 0.33 0
0.67 0.33 0
0.67 0.33 0
0.67 0.33 0
0.67 0.33 0
0.67 0.33 0
0.67 0.33 0
0.67 0.33 0
0.67 0.33 0
0.67 0.33 0
0.67 0.33 0
0.67 0.33 0
0.67 0.33 0
0.67 0.33 0
0.67 0.33 0
0.67 0.33 0
0.67 0.33 0
0.67 0.33 0
0.67 0.33 0
0.67 0.33 0
0.67 0.33 0
0.67 0.33 0
0.67 0.33 0
0.67 0.33 0
0.67 0.33 0
0.67 0.33 0
0.67 0.33 0
0.67 0.33 0
0.67 0.33 0
0.67 0.33 0
0.67 0.33 0
0.67 0.33 0
0.67 0.33 0
0.67 0.33 0
0.67 0.33 0
0.67 0.33 0
0.67 0.33 0
0.67 0.33 0
0.67 0.33 0
0.67 0.33 0
0.67 0.33 0
0.67 0.33 0
0.67 0.33 0
0.67 0.33 0
0.67 0.33 0
0.67 0.33 0
0.67 0.33 0
0.67 0.33 0
0.67 0.33 0
0.67 0.33 0
0.67 0.33 0
0.67 0.33 0
0.67 0.33 0
0.67 0.33 0
0.67 0.33 0
0.67 0.33 0
0.67 0.33 0
0.67 0.33 0
0.67 0.33 0
0.67 0.33 0
0.67 0.33 0
0.67 0.33 0
0.67 0.33 0
0.67 0.33 0
0.67 0.33 0
0.67 0.33 0
0.67 0.33 0
0.67 0.33 0
0.67 0.33 0
0.67 0.33 0
0.67 0.33 0
0.67 0.33 0
0.67 0.33 0
0.67 0.33 0
0.67 0.33 0
0.67 0.33 0
0.67 0.33 0
0.67 0.33 0
0.67 0.33 0
0.67 0.33 0
0.67 0.33 0
0.67 0.33 0
0.67 0.33 0
0.67 0.33 0
0.67 0.33 0
0.67 0.33 0
0.67 0.33 0
0.67 0.33 0
0.67 0.33 0
0.67 0.33 0
0.67 0.33 0
0.67 0.33 0
0.67 0.33 0
0.67 0.33 0
0.67 0.33 0
0.67 0.33 0
0.67 0.33 0
0.67 0.33 0
0.67 0.33 0
0.67 0.33 0
0.67 0.33 0
0.67 0.33 0
0.67 0.33 0
0.67 0.33 0
0.67 0.33 0
0.67 0.33 0
0.67 0.33 0
0.67 0.33 0
0.67 0.33 0
0.67 0.33 0
0.67 0.33 0
0.67 0.33 0
0.67 0.33 0
0.67 0.33 0
0.67 0.33 0
0.67 0.33 0
0.67 0.33 0
0.67 0.33 0
0.67 0.33 0
0.67 0.33 0
0.67 0.33 0
0.67 0.33 0
0.67 0.33 0
0.67 0.33 0
0.67 0.33 0
0.67 0.33 0
0.67 0.33 0
0.67 0.33 0
0.67 0.33 0
0.67 0.33 0
0.67 0.33 0
0.67 0.33 0
0.67 0.33 0
0.67 0.33 0
0.67 0.33 0
0.67 0.33 0
0.67 0.33 0
0.67 0.33 0
0.67 0.33 0
0.67 0.33 0
0.67 0.33 0
0.67 0.33 0
0.67 0.33 0
0.67 0.33 0
0.67 0.33 0
0.67 0.33 0
0.67 0.33 0
0.67 0.33 0
0.67 0.33 0
0.67 0.33 0
0.67 0.33 0
0.67 0.33 0
0.67 0.33 0
0.67 0.33 0
0.67 0.33 0
0.67 0.33 0
0.67 0.33 0
0.67 0.33 0
0.67 0.33 0
0.67 0.33 0
0.67 0.33 0
0.67 0.33 0
0.67 0.33 0
0.67 0.33 0
0.67 0.33 0
0.67 0.33 0
0.67 0.33 0
0.67 0.33 0
0.67 0.33 0
0.67 0.33 0
0.67 0.33 0
0.67 0.33 0
0.67 0.33 0
0.67 0.33 0
0.67 0.33 0
0.67 0.33 0
0.67 0.33 0
0.67 0.33 0
0.67 0.33 0
</Weights>
            </BorderPart>
        </Border>
        <Border Name="A6dl_L" Red="0" Green="0.552941" Blue="1">
            <BorderPart Closed="True">
                <Vertices>1848 48666 48664
1848 48664 48666
1848 121511 48664
121512 121511 1848
121513 121511 25745
121513 25745 121511
58269 25745 58268
58269 58268 25745
58270 58268 4063
58270 4063 58268
94866 4063 94865
94865 4063 58264
94865 58264 94864
94865 94864 11743
11743 94864 42462
42462 94864 11743
42462 94863 11741
42462 11741 42461
42461 11741 42462
42461 131318 11741
131319 131318 29787
131319 29787 131318
131319 131321 29787
131320 131321 131319
29788 131321 131320
29788 131322 131321
29788 76928 76929
76929 76928 29788
76930 76928 6184
76930 6184 76928
76930 106062 6184
145532 106062 17964
145532 17964 106062
76932 17964 76931
76931 17964 76932
76931 106064 17964
76931 106065 106064
8177 106065 76931
145540 106065 145539
145540 145539 34838
145540 34838 145539
145542 34838 145541
145541 34838 76938
145541 76938 106067
106067 76938 4069
106067 4069 106066
106067 106066 4069
106068 106066 17966
17966 106066 106068
17966 121540 106066
121541 121540 58289
121541 58289 25758
25758 58289 121541
25758 58290 58289
25758 58291 58290
121544 58291 25758
121544 121545 58291
25759 121545 121544
25759 76958 76959
76959 76958 25759
76959 76960 76958
34847 76960 76959
145568 76960 106080
145568 106080 17974
145568 17974 106080
76962 17974 76961
76962 76961 17974
76963 76961 8181
76963 8181 76961
76965 8181 76963
76965 76967 8181
76966 76967 76965
76966 34850 145575
145575 34850 76966
145575 145576 34850
54008 145576 145575
54008 2643 54010
54010 2643 54008
54010 92310 2643
115552 92310 10324
115552 10324 92310
54012 10324 54011
54012 54011 10324
54013 54011 2645
54013 2645 54011
54015 2645 54013
54015 54017 2645
54015 54016 23193
23193 54016 54015
115559 54016 23193
115559 115560 54016
115559 23194 115558
115558 23194 129620
129620 23194 115558
129620 64134 23194
129620 129621 64134
13697 129621 129620
13697 98383 98382
98382 98383 13697
64128 98383 98382
64128 5915 64130
64128 64130 5915
64129 64130 64128
29160 64130 64129
29160 64131 64130
129617 64131 29160
129617 129618 64131
16613 129618 129617
16613 47333 47334
47334 47333 16613
47334 47335 47333
16615 47335 47334
16615 140603 47335
16615 140604 140603
103635 140604 16615
140605 140604 33143
140605 33143 140604
140605 140607 33143
140608 140607 33144
140608 33144 140607
140609 33144 140608
140609 72892 33144
140609 140610 72892
33142 140610 140609
140602 140610 33142
140602 140611 140610
140602 1595 119641
119641 1595 47328
47328 1595 47330
47328 47330 1595
47329 47330 47328
47329 16610 103625
103625 16610 47329
103626 16610 103625
103626 103628 16610
103626 103627 7560
7560 103627 103626
72872 103627 7560
72872 140588 103627
33137 140588 72872
33137 140589 140588
140587 140589 33137
140587 140590 140589
4733 140590 140587
4733 96071 96072
96072 96071 4733
96072 96073 96071
96072 12414 124330
124330 12414 96072
60282 12414 60281
60282 60281 12414
60282 60283 60281
26954 60283 60282
26954 60284 60283
124333 60284 26954
124333 124334 60284
124333 19961 109657
109657 19961 109659
109657 109659 19961
109658 109659 109657
109658 19962 152752
109658 152752 19962
82923 152752 109658
37261 152752 82923
37261 152753 152752
152751 152753 37261
152751 152754 152753
9004 152754 152751
9004 82920 82918
82918 82920 9004
82918 82919 37259
37259 82919 82918
37259 152746 152745
152745 152746 37259
152745 55132 3017
152745 3017 152742
152742 3017 92983
92983 3017 55128
92983 55128 92982
92983 92982 10697
10697 92982 41416
41416 92982 10697
41416 92981 10695
41416 10695 41415
41415 10695 41414
41414 10695 92978
41414 92978 10695
41414 92977 10693
10693 92977 92975
10693 92975 92974
92974 92975 10693
55114 92975 92974
55114 3013 55116
55114 55116 3013
55115 55116 55114
23854 55116 55115
23854 55117 55116
117099 55117 23854
117099 117100 55117
117099 14794 100356
100356 14794 100358
100358 14794 100356
100358 45515 14794
100358 100359 45515
14795 100359 100358
14795 67422 67423
67423 67422 14795
67423 67424 67422
67423 30697 133786
133786 30697 67423
133787 30697 133786
133787 133788 30697
133787 67418 6573
6573 67418 67416
67416 67418 6573
67416 67417 30694
67416 30694 67415
67415 30694 133777
133777 30694 67415
133777 133778 30694
133775 133778 133777
133775 6572 82734
82734 6572 82736
82734 82736 6572
82735 82736 82734
82735 37186 152525
152525 37186 82735
152525 152526 37186
96035 152526 152525
4713 152526 96035
4713 152529 152526
4713 60218 60216
60216 60218 4713
60217 60218 60216
60217 26915 124240
60217 124240 26915
124239 124240 60217
19894 124240 124239
19894 50614 50615
19894 50615 50614
109538 50615 19894
109539 50615 19896
109539 19896 50615
109539 109540 19896
82722 109540 109539
8978 109540 82722
8978 109541 109540
8978 82728 82726
82726 82728 8978
82727 82728 82726
82727 37183 152516
82727 152516 37183
152515 152516 82727
152515 14790 45510
45510 14790 45509
45510 45509 45508
45508 45509 14788
14788 45509 45508
14788 100348 100346
14788 100346 100345
100345 100346 14788
67399 100346 100345
67399 6569 67401
67399 67401 6569
67400 67401 67399
30686 67401 67400
30686 67402 67401
133759 67402 30686
133759 133760 67402
30684 133760 133759
30684 133752 133751
133751 133752 30684
133751 50596 19876
133751 19876 133750
133750 19876 109504
109504 19876 109506
109504 109506 19876
109505 109506 109504
109505 19877 152446
152446 19877 109505
152446 82670 19877
152446 152447 82670
37159 152447 152446
37159 152445 152444
37159 152444 82667
82667 152444 37159
82667 152443 30681
30681 152443 133743
30681 133743 152443
133744 133743 133742
133744 133742 30680
133744 30680 133742
67389 30680 67388
67388 30680 67389
67388 145395 30680
145396 145395 34790
145396 34790 145395
145396 145398 34790
145399 145398 34791
34791 145398 76819
34791 76819 145398
76820 76819 76818
76820 76818 8162
8162 76818 76820
105997 76818 105996
105997 105996 17927
105997 17927 105996
145404 17927 145403
145403 17927 48647
145403 48647 121480
145403 121480 25732
25732 121480 145403
25732 121481 121480
121482 121481 58246
58246 121481 25731
58246 25731 58245
58246 58245 25731
58247 58245 4055
58247 4055 58245
94852 4055 94851
94852 94851 4055
94853 94851 11735
94853 11735 94851
42456 11735 42455
42456 42455 11735
42457 42455 380
42457 380 42455
145474 380 145447
145474 145447 145473
145474 145473 34816
34816 145473 76882
34816 76882 145473
76883 76882 76881
76883 76881 8170
8170 76881 76879
8170 76879 76881
106034 76879 106033
106034 106033 17948
