<?xml version="1.0" encoding="UTF-8"?>
<BorderFile Version="3" Structure="CORTEX_RIGHT" SurfaceNumberOfVertices="163842">
    <MetaData>
        <MD>
            <Name>ProgramProvenance</Name>
            <Value>Connectome Workbench
Version: 1.0
Qt Compiled Version: 4.8.4
Qt Runtime Version: 4.8.4
commit: dfd2086d37612ccf2369b85b5f5f0f5987369339
commit date: 2014-09-09 13:23:57 -0500
Compiler: g++44 (/usr/bin)
Compiler Version: 4.4.7
Compiled Debug: NO
Operating System: Linux
</Value>
        </MD>
        <MD>
            <Name>Provenance</Name>
            <Value>/mnt/software/workbench/bin_rh_linux64/../exe_rh_linux64/wb_command -label-to-border ./fsaverage/164k/fsaverage.R.white.164k.surf.gii ./fsaverage/164k/fsaverage.R.BN_Atlas.164k.label.gii ./fsaverage/164k/fsaverage.R.BN_Atlas.164k.border</Value>
        </MD>
        <MD>
            <Name>WorkingDirectory</Name>
            <Value>/DATA/233/hli/BN_atlas_freesurfer</Value>
        </MD>
    </MetaData>
    <Class Name="node label" Red="0" Green="0" Blue="0">
        <Border Name="A8m_R" Red="0" Green="0" Blue="1">
            <BorderPart Closed="True">
                <Vertices>213 132662 132661
132661 132662 213
132661 132663 30283
30283 132663 132661
30283 66536 66535
66535 66536 30283
66535 66537 6397
6397 66537 66535
6397 99827 99826
6397 99826 99827
139473 99826 6397
139474 99826 139473
139474 14500 99826
139474 139475 71963
71963 139475 32754
71963 32754 139475
71963 71964 71962
71962 71964 7420
7420 71964 71962
7420 139482 139479
7420 139479 103083
103083 139479 139478
139478 139479 32755
139478 32755 71966
71966 32755 139478
71966 71967 71965
71965 71967 3518
71965 3518 71967
119217 3518 71965
119220 3518 119217
119220 103084 3518
119220 119221 24764
24764 119221 119220
56633 119221 24764
56633 119222 24765
56633 24765 119222
56634 24765 56633
56634 149557 149556
149556 149557 36194
149556 36194 149555
149556 149555 36194
149553 149555 36193
36193 149555 149554
36193 149554 80262
80262 149554 108062
80262 108062 8646
8646 108062 108061
8646 108061 80256
80256 108061 108060
80256 108060 19074
80256 19074 80257
80257 19074 80256
149545 19074 108058
149545 108058 19074
149545 80255 108058
36190 80255 80254
36190 80254 149543
149543 80254 36190
149543 149542 80254
19067 149542 49787
19067 49787 49786
49786 49787 49785
49786 49785 19065
19065 49785 49784
19065 49784 108042
108042 49784 19065
108042 108041 49784
19064 108041 108040
19064 108040 149509
149509 108040 19064
80225 108040 4436
80225 4436 80223
80225 80223 4436
80225 80224 80223
36178 80224 149507
149507 80224 36178
149507 149506 80224
149507 19062 149506
108038 19062 108037
108038 108037 19062
80218 108037 19061
80218 19061 80219
80219 19061 80218
80219 149500 19061
149501 149500 80219
149501 36175 149500
149501 149499 36175
149502 149499 149501
2614 149499 92256
2614 92256 53915
53915 92256 92255
53915 92255 10293
10293 92255 92254
10293 92254 92253
92253 92254 92252
92253 92252 2612
2612 92252 92253
53953 92252 92278
53953 92278 10306
53953 10306 53954
53954 10306 53953
115470 10306 92276
115470 92276 10306
53952 92276 2625
53952 2625 53950
53950 2625 53948
53948 2625 53946
53948 53946 2625
53948 53947 53946
23154 53947 115461
23154 115461 53947
115462 115461 23154
115462 115459 115461
2624 115459 63911
2624 63911 63913
63913 63911 2624
63913 63912 63911
63913 29060 63912
129341 29060 63913
129342 29060 129341
129342 129340 29060
129343 129340 129342
129343 5873 129340
129343 63910 5873
129343 129344 29061
29061 129344 129343
63917 129344 29061
63917 129345 29062
63917 29062 129345
63918 29062 63917
63919 29062 63918
63919 129347 29062
63919 129348 29063
29063 129348 63919
29063 129349 129348
129351 129349 29063
129351 129352 29064
29064 129352 129351
29064 129353 129352
63924 129353 29064
129354 129353 63924
129354 11226 129353
129354 41946 11226
129355 41946 129354
225 41946 41948
225 41948 41946
225 41950 41948
41952 41950 225
41951 41950 11230
41951 11230 41950
41951 93942 11230
93943 93942 41951
11231 93942 93941
11231 93941 119355
11231 119355 93941
56729 119355 11231
119356 119355 56729
119356 24822 119355
119356 119354 24822
119357 119354 119356
119357 3551 119354
103260 3551 103261
103260 103261 3551
103262 103261 103260
103262 16409 103261
103263 16409 103262
103263 72261 16409
103264 72261 103263
103264 7468 72261
103265 7468 103264
103265 72267 7468
139848 72267 103265
139848 32883 72267
139848 139849 72269
72269 139849 32884
32884 139849 72269
32884 139850 139849
139851 139850 32884
139851 95709 139850
12213 95709 95711
12213 95711 95709
42934 95711 12213
95712 95711 42934
95712 12214 95711
95712 59676 12214
95713 59676 95712
4535 59676 59678
4535 59678 59676
4535 59680 59678
150584 59680 4535
150585 59680 150584
150585 26593 59680
150585 150586 81122
81122 150586 36539
36539 150586 81122
36539 150587 150586
36539 150595 150594
150594 150595 81130
150594 81130 36541
36541 81130 81129
36541 81129 81128
81128 81129 81127
81128 81127 19365
19365 81127 81128
108583 81127 19365
108583 108584 19366
108583 19366 50085
50085 19366 108583
50085 50086 50084
50084 50086 2065
50084 2065 50086
123498 2065 50084
123499 2065 123498
123499 50090 2065
123499 150615 26599
26599 150615 123499
26599 81147 81146
81146 81147 26599
81146 81148 4539
4539 81148 81146
4539 108594 108593
108593 108594 4539
108593 108595 19371
19371 108595 108593
19371 50092 50091
50091 50092 19371
50091 50093 2066
2066 50093 50091
2066 50095 50093
50097 50095 2066
50097 50096 50095
19377 50096 108604
108604 50096 19377
108604 108603 50096
108604 19376 108603
81163 19376 81164
81163 81164 19376
81163 81165 8769
8769 81165 81163
81167 81165 8769
81167 81166 81165
81167 36557 81166
150648 36557 81167
150649 36557 150648
150649 150641 36557
150649 150650 36560
36560 150650 150649
150651 150650 36560
150651 118843 150650
150651 24601 118843
150652 24601 150651
150652 56362 24601
150653 56362 150652
3427 56362 56364
3427 56364 56362
3427 93722 93721
93721 93722 3427
93721 93723 11107
11107 93723 93721
11107 41828 41827
41827 41828 11107
41829 41828 41827
41829 11109 41828
41829 138531 128897
128897 138531 28895
128897 28895 138531
128898 28895 128897
128898 128899 63563
63563 128899 28896
63563 28896 128899
63564 28896 63563
63564 128901 98042
98042 128901 13508
98042 13508 128901
98042 98043 98041
98041 98043 13507
98041 13507 98043
150693 13507 98041
150694 13507 150693
150694 44227 13507
150694 150695 36575
36575 150695 150694
150703 150695 36575
150703 150704 36578
36578 150704 150703
36578 150705 150704
36578 81221 81220
81220 81221 36578
81222 81221 81220
81222 36579 81221
81222 150708 108638
81222 108638 8776
8776 108638 108637
108637 108638 8776
108637 108639 19395
108637 19395 108636
108636 19395 50114
108636 50114 19395
108635 50114 19393
19393 50114 50113
19393 50113 50114
19393 123538 123537
123537 123538 59716
123537 59716 26614
26614 59716 59715
26614 59715 59714
59714 59715 59713
59714 59713 12226
12226 59713 59714
95734 59713 12226
95734 95492 12092
95734 12092 42946
42946 12092 95734
42812 12092 42813
42812 42813 12092
42812 42814 452
452 42814 42812
452 132633 132632
132632 132633 452
132634 132633 132632
132634 30273 132633
132634 132635 66513
66513 132635 30274
30274 132635 66513
30274 132636 132635
30274 132638 132637
132637 132638 66516
132637 66516 14493
14493 66516 66515
66515 66516 14493
66515 66517 6394
66515 6394 66517
99816 6394 66515
132645 6394 99816
132645 132648 132647
132647 132648 30278
132647 30278 66524
66524 30278 132647
66524 66525 66523
66524 66523 14496
14496 66523 66524
99820 66523 14496
99820 99821 14497
99820 14497 45216
45216 14497 99820
45217 14497 45216
45217 45218 14497
45217 45219 994
994 45219 45217
149352 45219 994
149352 149353 36126
36126 149353 149352
36126 80096 80095
36126 80095 80094
80094 80095 80093
80093 80095 8624
80093 8624 80091
80093 80091 8624
80092 80091 19019
80092 19019 80091
149347 19019 107959
107959 19019 149347
107959 107960 107958
107959 107958 4421
4421 107958 107959
4421 123011 123008
123008 123011 123010
123010 123011 26389
123010 26389 59339
123010 59339 26389
123009 59339 12101
12101 59339 59338
12101 59338 59339
12101 95509 95508
95508 95509 42821
42821 95509 12102
42821 12102 95509
42822 12102 42821
42822 149362 132662
42822 132662 213
</Vertices>
                <Weights>0.67 0.33 0
0.67 0.33 0
0.67 0.33 0
0.67 0.33 0
0.67 0.33 0
0.67 0.33 0
0.67 0.33 0
0.67 0.33 0
0.67 0.33 0
0.67 0.33 0
0.67 0.33 0
0.67 0.33 0
0.67 0.33 0
0.67 0.33 0
0.67 0.33 0
0.67 0.33 0
0.67 0.33 0
0.67 0.33 0
0.67 0.33 0
0.67 0.33 0
0.67 0.33 0
0.67 0.33 0
0.67 0.33 0
0.67 0.33 0
0.67 0.33 0
0.67 0.33 0
0.67 0.33 0
0.67 0.33 0
0.67 0.33 0
0.67 0.33 0
0.67 0.33 0
0.67 0.33 0
0.67 0.33 0
0.67 0.33 0
0.67 0.33 0
0.67 0.33 0
0.67 0.33 0
0.67 0.33 0
0.67 0.33 0
0.67 0.33 0
0.67 0.33 0
0.67 0.33 0
0.67 0.33 0
0.67 0.33 0
0.67 0.33 0
0.67 0.33 0
0.67 0.33 0
0.67 0.33 0
0.67 0.33 0
0.67 0.33 0
0.67 0.33 0
0.67 0.33 0
0.67 0.33 0
0.67 0.33 0
0.67 0.33 0
0.67 0.33 0
0.67 0.33 0
0.67 0.33 0
0.67 0.33 0
0.67 0.33 0
0.67 0.33 0
0.67 0.33 0
0.67 0.33 0
0.67 0.33 0
0.67 0.33 0
0.67 0.33 0
0.67 0.33 0
0.67 0.33 0
0.67 0.33 0
0.67 0.33 0
0.67 0.33 0
0.67 0.33 0
0.67 0.33 0
0.67 0.33 0
0.67 0.33 0
0.67 0.33 0
0.67 0.33 0
0.67 0.33 0
0.67 0.33 0
0.67 0.33 0
0.67 0.33 0
0.67 0.33 0
0.67 0.33 0
0.67 0.33 0
0.67 0.33 0
0.67 0.33 0
0.67 0.33 0
0.67 0.33 0
0.67 0.33 0
0.67 0.33 0
0.67 0.33 0
0.67 0.33 0
0.67 0.33 0
0.67 0.33 0
0.67 0.33 0
0.67 0.33 0
0.67 0.33 0
0.67 0.33 0
0.67 0.33 0
0.67 0.33 0
0.67 0.33 0
0.67 0.33 0
0.67 0.33 0
0.67 0.33 0
0.67 0.33 0
0.67 0.33 0
0.67 0.33 0
0.67 0.33 0
0.67 0.33 0
0.67 0.33 0
0.67 0.33 0
0.67 0.33 0
0.67 0.33 0
0.67 0.33 0
0.67 0.33 0
0.67 0.33 0
0.67 0.33 0
0.67 0.33 0
0.67 0.33 0
0.67 0.33 0
0.67 0.33 0
0.67 0.33 0
0.67 0.33 0
0.67 0.33 0
0.67 0.33 0
0.67 0.33 0
0.67 0.33 0
0.67 0.33 0
0.67 0.33 0
0.67 0.33 0
0.67 0.33 0
0.67 0.33 0
0.67 0.33 0
0.67 0.33 0
0.67 0.33 0
0.67 0.33 0
0.67 0.33 0
0.67 0.33 0
0.67 0.33 0
0.67 0.33 0
0.67 0.33 0
0.67 0.33 0
0.67 0.33 0
0.67 0.33 0
0.67 0.33 0
0.67 0.33 0
0.67 0.33 0
0.67 0.33 0
0.67 0.33 0
0.67 0.33 0
0.67 0.33 0
0.67 0.33 0
0.67 0.33 0
0.67 0.33 0
0.67 0.33 0
0.67 0.33 0
0.67 0.33 0
0.67 0.33 0
0.67 0.33 0
0.67 0.33 0
0.67 0.33 0
0.67 0.33 0
0.67 0.33 0
0.67 0.33 0
0.67 0.33 0
0.67 0.33 0
0.67 0.33 0
0.67 0.33 0
0.67 0.33 0
0.67 0.33 0
0.67 0.33 0
0.67 0.33 0
0.67 0.33 0
0.67 0.33 0
0.67 0.33 0
0.67 0.33 0
0.67 0.33 0
0.67 0.33 0
0.67 0.33 0
0.67 0.33 0
0.67 0.33 0
0.67 0.33 0
0.67 0.33 0
0.67 0.33 0
0.67 0.33 0
0.67 0.33 0
0.67 0.33 0
0.67 0.33 0
0.67 0.33 0
0.67 0.33 0
0.67 0.33 0
0.67 0.33 0
0.67 0.33 0
0.67 0.33 0
0.67 0.33 0
0.67 0.33 0
0.67 0.33 0
0.67 0.33 0
0.67 0.33 0
0.67 0.33 0
0.67 0.33 0
0.67 0.33 0
0.67 0.33 0
0.67 0.33 0
0.67 0.33 0
0.67 0.33 0
0.67 0.33 0
0.67 0.33 0
0.67 0.33 0
0.67 0.33 0
0.67 0.33 0
0.67 0.33 0
0.67 0.33 0
0.67 0.33 0
0.67 0.33 0
0.67 0.33 0
0.67 0.33 0
0.67 0.33 0
0.67 0.33 0
0.67 0.33 0
0.67 0.33 0
0.67 0.33 0
0.67 0.33 0
0.67 0.33 0
0.67 0.33 0
0.67 0.33 0
0.67 0.33 0
0.67 0.33 0
0.67 0.33 0
0.67 0.33 0
0.67 0.33 0
0.67 0.33 0
0.67 0.33 0
0.67 0.33 0
0.67 0.33 0
0.67 0.33 0
0.67 0.33 0
0.67 0.33 0
0.67 0.33 0
0.67 0.33 0
0.67 0.33 0
0.67 0.33 0
0.67 0.33 0
0.67 0.33 0
0.67 0.33 0
0.67 0.33 0
0.67 0.33 0
0.67 0.33 0
0.67 0.33 0
0.67 0.33 0
0.67 0.33 0
0.67 0.33 0
0.67 0.33 0
0.67 0.33 0
0.67 0.33 0
0.67 0.33 0
0.67 0.33 0
0.67 0.33 0
0.67 0.33 0
0.67 0.33 0
0.67 0.33 0
0.67 0.33 0
0.67 0.33 0
0.67 0.33 0
0.67 0.33 0
0.67 0.33 0
0.67 0.33 0
0.67 0.33 0
0.67 0.33 0
0.67 0.33 0
0.67 0.33 0
0.67 0.33 0
0.67 0.33 0
0.67 0.33 0
0.67 0.33 0
0.67 0.33 0
0.67 0.33 0
0.67 0.33 0
0.67 0.33 0
0.67 0.33 0
0.67 0.33 0
0.67 0.33 0
0.67 0.33 0
0.67 0.33 0
0.67 0.33 0
0.67 0.33 0
0.67 0.33 0
0.67 0.33 0
0.67 0.33 0
0.67 0.33 0
0.67 0.33 0
0.67 0.33 0
0.67 0.33 0
0.67 0.33 0
0.67 0.33 0
0.67 0.33 0
0.67 0.33 0
0.67 0.33 0
0.67 0.33 0
0.67 0.33 0
0.67 0.33 0
0.67 0.33 0
0.67 0.33 0
0.67 0.33 0
0.67 0.33 0
0.67 0.33 0
0.67 0.33 0
0.67 0.33 0
0.67 0.33 0
0.67 0.33 0
0.67 0.33 0
0.67 0.33 0
0.67 0.33 0
0.67 0.33 0
0.67 0.33 0
0.67 0.33 0
0.67 0.33 0
0.67 0.33 0
0.67 0.33 0
0.67 0.33 0
0.67 0.33 0
0.67 0.33 0
0.67 0.33 0
0.67 0.33 0
0.67 0.33 0
0.67 0.33 0
0.67 0.33 0
0.67 0.33 0
0.67 0.33 0
0.67 0.33 0
0.67 0.33 0
0.67 0.33 0
0.67 0.33 0
0.67 0.33 0
0.67 0.33 0
0.67 0.33 0
0.67 0.33 0
0.67 0.33 0
0.67 0.33 0
0.67 0.33 0
0.67 0.33 0
0.67 0.33 0
0.67 0.33 0
0.67 0.33 0
0.67 0.33 0
0.67 0.33 0
0.67 0.33 0
0.67 0.33 0
0.67 0.33 0
0.67 0.33 0
0.67 0.33 0
0.67 0.33 0
0.67 0.33 0
0.67 0.33 0
0.67 0.33 0
0.67 0.33 0
0.67 0.33 0
0.67 0.33 0
0.67 0.33 0
0.67 0.33 0
0.67 0.33 0
0.67 0.33 0
0.67 0.33 0
0.67 0.33 0
0.67 0.33 0
0.67 0.33 0
0.67 0.33 0
0.67 0.33 0
0.67 0.33 0
0.67 0.33 0
0.67 0.33 0
0.67 0.33 0
0.67 0.33 0
0.67 0.33 0
0.67 0.33 0
0.67 0.33 0
0.67 0.33 0
0.67 0.33 0
0.67 0.33 0
0.67 0.33 0
</Weights>
            </BorderPart>
        </Border>
        <Border Name="A8dl_R" Red="0" Green="0.964706" Blue="1">
            <BorderPart Closed="True">
                <Vertices>95 41327 41325
41325 41327 95
41325 41326 10605
10605 41326 41325
10605 92817 92815
92815 92817 10605
92815 92816 2925
2925 92816 92815
2925 54852 54850
54850 54852 2925
54850 54851 23695
23695 54851 54850
23695 116727 116725
116725 116727 23695
116725 116726 1005
1005 116726 116725
1005 45252 45250
45250 45252 1005
45250 45251 14530
14530 45251 45250
14530 99882 99880
99880 99882 14530
99880 99881 6415
6415 99881 99880
6415 66627 66625
66625 66627 6415
66625 66626 30325
66625 30325 66624
66624 30325 132774
132774 30325 66624
132774 132775 30325
42846 132775 132774
42846 458 42848
42846 42848 458
42847 42848 42846
12128 42848 42847
12128 42849 42848
12128 95558 95556
95556 95558 12128
95557 95558 95556
95557 12129 123125
95557 123125 12129
59420 123125 95557
59420 26438 59419
59419 26438 123123
123123 26438 59419
123123 123124 26438
123123 80336 26437
26437 80336 80337
80337 80336 26437
80337 80338 80336
36223 80338 80337
36223 149644 80338
36223 149645 149644
149643 149645 36223
149646 149645 36224
149646 36224 149645
149647 36224 149646
149647 80342 36224
149647 149648 80342
36222 149648 149647
149640 149648 36222
149640 149649 149648
2025 149649 149640
2025 49802 49800
2025 49800 49798
49798 49800 2025
49799 49800 49798
49799 19080 108069
108069 19080 49799
108069 108070 19080
80271 108070 108069
80271 8648 80273
80273 8648 80271
80273 80275 8648
80274 80275 80273
80274 36198 149567
149567 36198 80274
149567 149568 36198
149567 149559 36195
36195 149559 149558
149558 149559 36195
149558 119223 24765
149558 24765 149557
149557 24765 56634
149557 56634 149556
149557 149556 36194
36194 149556 149555
149555 149556 36194
149555 149553 36193
149555 36193 149554
149554 36193 80262
149554 80262 108062
108062 80262 8646
108062 8646 108061
108061 8646 80256
108061 80256 108060
108060 80256 19074
19074 80256 80257
19074 80257 80256
19074 149545 108058
108058 149545 19074
80255 149545 108058
80255 36190 80254
80254 36190 149543
80254 149543 36190
149542 149543 80254
149542 19067 49787
49787 19067 49786
49787 49786 49785
49785 49786 19065
49785 19065 49784
49784 19065 108042
49784 108042 19065
108041 108042 49784
108041 19064 108040
108040 19064 149509
108040 149509 19064
108040 80225 4436
4436 80225 80223
80223 80225 4436
80223 80224 26414
80223 26414 80224
80223 123070 26414
123071 123070 26415
26415 123070 59381
26415 59381 123070
26415 59382 59381
123072 59382 95534
123072 95534 12116
12116 95534 123072
95535 95534 95533
95535 95533 12115
95535 12115 95533
42836 12115 42835
42835 12115 42836
42835 144389 12115
144390 144389 34452
144390 34452 144389
144390 144416 34452
144417 144416 34461
34461 144416 76006
34461 76006 144416
34461 76007 76006
76008 76007 34461
76008 76009 76007
34462 76009 76008
34462 144421 76009
144422 144421 76011
76011 144421 17658
76011 17658 76010
76011 76010 17658
76012 76010 8050
8050 76010 76012
8050 105513 76010
8050 144429 105513
144432 144429 144431
144431 144429 34465
144431 34465 144430
144430 34465 76017
144430 76017 105515
105515 76017 3968
105515 3968 105514
105515 105514 3968
105516 105514 17660
17660 105514 105516
17660 121111 105514
121112 121111 57983
121112 57983 25575
121112 25575 57983
121113 25575 121112
144506 25575 144505
144506 144505 76081
144506 76081 34491
34491 76081 144506
76082 76081 76080
76082 76080 8059
76082 8059 76080
144513 8059 144510
144513 144510 144512
144512 144510 34492
144512 34492 144511
144511 34492 76085
76085 34492 76084
76085 76084 76083
76085 76083 3976
3976 76083 76085
121139 76083 121138
121139 121138 25587
121139 25587 121138
121141 25587 121140
121140 25587 58002
121140 58002 94706
121140 94706 11656
11656 94706 121140
11656 94707 94706
94708 94707 42376
94708 42376 11657
11657 42376 94708
42377 42376 42375
42377 42375 365
42377 365 42375
42379 365 42377
42379 130980 365
144553 130980 29664
144553 29664 130980
144553 76121 29664
144554 76121 34507
144554 34507 76121
144555 34507 144554
144555 144557 34507
144558 144557 34508
144558 34508 144557
144559 34508 144558
144559 76126 34508
144559 144560 76126
25593 144560 144559
121155 144560 25593
121155 144561 144560
1810 144561 121155
1810 144570 144561
48414 144570 1810
48414 144571 144570
48414 17694 48413
48413 17694 105575
105575 17694 48413
105575 105576 17694
105575 76115 17693
17693 76115 76116
76116 76115 17693
76116 76117 76115
76116 34505 144548
144548 34505 76116
144549 34505 144548
144549 144550 34505
144549 93886 3520
3520 93886 93887
93887 93886 3520
93887 93888 93886
11201 93888 93887
11201 93889 93888
56638 93889 11201
93890 93889 11202
93890 11202 93889
93890 139525 11202
139526 139525 32772
32772 139525 72004
32772 72004 139525
72005 72004 72003
72005 72003 5858
5858 72003 72005
5858 129245 72003
5858 129248 129245
103107 129248 5858
103107 129249 129248
16323 129249 103107
16323 129250 129249
47043 129250 16323
47043 129251 129250
47043 696 47045
47045 696 47043
119236 696 119235
119236 119235 696
119237 119235 24771
119237 24771 119235
56644 24771 56643
56644 56643 24771
56644 56645 56643
24773 56645 56644
119240 56645 93892
119240 93892 11204
119240 11204 93892
56647 11204 56646
56646 11204 56647
56646 93894 11204
56646 93895 93894
3525 93895 56646
3525 93896 93895
56652 93896 3525
119250 93896 11206
119250 11206 93896
119250 56654 11206
119251 56654 24778
119251 24778 56654
119252 24778 119251
119252 119253 24778
103125 119253 119252
103125 16333 103127
103127 16333 103125
47054 16333 47053
47054 47053 16333
47054 47055 47053
16335 47055 47054
16335 47056 47055
103131 47056 16335
103131 103132 47056
16336 103132 103131
72043 103132 16336
72043 103133 103132
72043 7433 72045
72045 7433 72043
72047 7433 72045
72047 72049 7433
72047 72048 32789
32789 72048 72047
32789 139579 139577
139577 139579 32789
139577 139578 95
95 139578 139577
95 41329 41327
</Vertices>
                <Weights>0.67 0.33 0
0.67 0.33 0
0.67 0.33 0
0.67 0.33 0
0.67 0.33 0
0.67 0.33 0
0.67 0.33 0
0.67 0.33 0
0.67 0.33 0
0.67 0.33 0
0.67 0.33 0
0.67 0.33 0
0.67 0.33 0
0.67 0.33 0
0.67 0.33 0
0.67 0.33 0
0.67 0.33 0
0.67 0.33 0
0.67 0.33 0
0.67 0.33 0
0.67 0.33 0
0.67 0.33 0
0.67 0.33 0
0.67 0.33 0
0.67 0.33 0
0.67 0.33 0
0.67 0.33 0
0.67 0.33 0
0.67 0.33 0
0.67 0.33 0
0.67 0.33 0
0.67 0.33 0
0.67 0.33 0
0.67 0.33 0
0.67 0.33 0
0.67 0.33 0
0.67 0.33 0
0.67 0.33 0
0.67 0.33 0
0.67 0.33 0
0.67 0.33 0
0.67 0.33 0
0.67 0.33 0
0.67 0.33 0
0.67 0.33 0
0.67 0.33 0
0.67 0.33 0
0.67 0.33 0
0.67 0.33 0
0.67 0.33 0
0.67 0.33 0
0.67 0.33 0
0.67 0.33 0
0.67 0.33 0
0.67 0.33 0
0.67 0.33 0
0.67 0.33 0
0.67 0.33 0
0.67 0.33 0
0.67 0.33 0
0.67 0.33 0
0.67 0.33 0
0.67 0.33 0
0.67 0.33 0
0.67 0.33 0
0.67 0.33 0
0.67 0.33 0
0.67 0.33 0
0.67 0.33 0
0.67 0.33 0
0.67 0.33 0
0.67 0.33 0
0.67 0.33 0
0.67 0.33 0
0.67 0.33 0
0.67 0.33 0
0.67 0.33 0
0.67 0.33 0
0.67 0.33 0
0.67 0.33 0
0.67 0.33 0
0.67 0.33 0
0.67 0.33 0
0.67 0.33 0
0.67 0.33 0
0.67 0.33 0
0.67 0.33 0
0.67 0.33 0
0.67 0.33 0
0.67 0.33 0
0.67 0.33 0
0.67 0.33 0
0.67 0.33 0
0.67 0.33 0
0.67 0.33 0
0.67 0.33 0
0.67 0.33 0
0.67 0.33 0
0.67 0.33 0
0.67 0.33 0
0.67 0.33 0
0.67 0.33 0
0.67 0.33 0
0.67 0.33 0
0.67 0.33 0
0.67 0.33 0
0.67 0.33 0
0.67 0.33 0
0.67 0.33 0
0.67 0.33 0
0.67 0.33 0
0.67 0.33 0
0.67 0.33 0
0.67 0.33 0
0.67 0.33 0
0.67 0.33 0
0.67 0.33 0
0.67 0.33 0
0.67 0.33 0
0.67 0.33 0
0.67 0.33 0
0.67 0.33 0
0.67 0.33 0
0.67 0.33 0
0.67 0.33 0
0.67 0.33 0
0.67 0.33 0
0.67 0.33 0
0.67 0.33 0
0.67 0.33 0
0.67 0.33 0
0.67 0.33 0
0.67 0.33 0
0.67 0.33 0
0.67 0.33 0
0.67 0.33 0
0.67 0.33 0
0.67 0.33 0
0.67 0.33 0
0.67 0.33 0
0.67 0.33 0
0.67 0.33 0
0.67 0.33 0
0.67 0.33 0
0.67 0.33 0
0.67 0.33 0
0.67 0.33 0
0.67 0.33 0
0.67 0.33 0
0.67 0.33 0
0.67 0.33 0
0.67 0.33 0
0.67 0.33 0
0.67 0.33 0
0.67 0.33 0
0.67 0.33 0
0.67 0.33 0
0.67 0.33 0
0.67 0.33 0
0.67 0.33 0
0.67 0.33 0
0.67 0.33 0
0.67 0.33 0
0.67 0.33 0
0.67 0.33 0
0.67 0.33 0
0.67 0.33 0
0.67 0.33 0
0.67 0.33 0
0.67 0.33 0
0.67 0.33 0
0.67 0.33 0
0.67 0.33 0
0.67 0.33 0
0.67 0.33 0
0.67 0.33 0
0.67 0.33 0
0.67 0.33 0
0.67 0.33 0
0.67 0.33 0
0.67 0.33 0
0.67 0.33 0
0.67 0.33 0
0.67 0.33 0
0.67 0.33 0
0.67 0.33 0
0.67 0.33 0
0.67 0.33 0
0.67 0.33 0
0.67 0.33 0
0.67 0.33 0
0.67 0.33 0
0.67 0.33 0
0.67 0.33 0
0.67 0.33 0
0.67 0.33 0
0.67 0.33 0
0.67 0.33 0
0.67 0.33 0
0.67 0.33 0
0.67 0.33 0
0.67 0.33 0
0.67 0.33 0
0.67 0.33 0
0.67 0.33 0
0.67 0.33 0
0.67 0.33 0
0.67 0.33 0
0.67 0.33 0
0.67 0.33 0
0.67 0.33 0
0.67 0.33 0
0.67 0.33 0
0.67 0.33 0
0.67 0.33 0
0.67 0.33 0
0.67 0.33 0
0.67 0.33 0
0.67 0.33 0
0.67 0.33 0
0.67 0.33 0
0.67 0.33 0
0.67 0.33 0
0.67 0.33 0
0.67 0.33 0
0.67 0.33 0
0.67 0.33 0
0.67 0.33 0
0.67 0.33 0
0.67 0.33 0
0.67 0.33 0
0.67 0.33 0
0.67 0.33 0
0.67 0.33 0
0.67 0.33 0
0.67 0.33 0
0.67 0.33 0
0.67 0.33 0
0.67 0.33 0
0.67 0.33 0
0.67 0.33 0
0.67 0.33 0
0.67 0.33 0
0.67 0.33 0
0.67 0.33 0
0.67 0.33 0
0.67 0.33 0
0.67 0.33 0
0.67 0.33 0
0.67 0.33 0
0.67 0.33 0
0.67 0.33 0
0.67 0.33 0
0.67 0.33 0
0.67 0.33 0
0.67 0.33 0
0.67 0.33 0
0.67 0.33 0
0.67 0.33 0
0.67 0.33 0
0.67 0.33 0
0.67 0.33 0
0.67 0.33 0
0.67 0.33 0
0.67 0.33 0
0.67 0.33 0
0.67 0.33 0
0.67 0.33 0
0.67 0.33 0
0.67 0.33 0
0.67 0.33 0
0.67 0.33 0
0.67 0.33 0
0.67 0.33 0
0.67 0.33 0
0.67 0.33 0
0.67 0.33 0
0.67 0.33 0
0.67 0.33 0
0.67 0.33 0
0.67 0.33 0
0.67 0.33 0
0.67 0.33 0
0.67 0.33 0
0.67 0.33 0
0.67 0.33 0
0.67 0.33 0
0.67 0.33 0
0.67 0.33 0
0.67 0.33 0
0.67 0.33 0
0.67 0.33 0
0.67 0.33 0
0.67 0.33 0
0.67 0.33 0
0.67 0.33 0
0.67 0.33 0
0.67 0.33 0
0.67 0.33 0
0.67 0.33 0
0.67 0.33 0
0.67 0.33 0
0.67 0.33 0
0.67 0.33 0
0.67 0.33 0
0.67 0.33 0
0.67 0.33 0
0.67 0.33 0
0.67 0.33 0
0.67 0.33 0
</Weights>
            </BorderPart>
        </Border>
        <Border Name="A9l_R" Red="1" Green="0.862745" Blue="0.482353">
            <BorderPart Closed="True">
                <Vertices>392 134512 134511
134511 134512 392
134511 134513 30963
134511 30963 134513
134511 146127 146126
146126 146127 35036
35036 146127 146126
35036 77423 77422
35036 77422 77421
77421 77422 77420
77421 77420 35035
35035 77420 77419
77419 77420 77418
77419 77418 18126
77419 18126 77418
146121 18126 106354
146121 106354 18126
146121 77417 106354
35034 77417 77416
77416 77417 77415
77416 77415 35033
77416 35033 77415
146118 35033 146117
146118 146117 35033
48839 146117 1875
48839 1875 48837
48837 1875 48835
48837 48835 1875
48836 48835 18115
18115 48835 48836
18115 121750 121749
18115 121749 106335
106335 121749 121748
121748 121749 25846
121748 25846 121747
121748 121747 25846
121745 121747 25845
25845 121747 121746
25845 121746 58434
25845 58434 58433
58433 58434 58432
58433 58432 25843
25843 58432 58433
25843 149759 149758
149758 149759 80433
149758 80433 36261
36261 80433 80432
36261 80432 80431
80431 80432 80430
80430 80432 8669
80430 8669 80428
80430 80428 8669
80429 80428 19131
19131 80428 80429
19131 108163 108162
19131 108162 108161
108161 108162 108160
108160 108162 19130
108160 19130 108162
108160 123169 123168
123168 123169 26456
26456 123169 123168
26456 59453 59452
59452 59453 26456
59452 59454 4459
4459 59454 59452
149772 59454 4459
149772 149773 36266
149772 36266 149771
149771 36266 80444
149771 80444 36266
149770 80444 19136
149770 19136 108170
108170 19136 149770
108170 108171 108169
108169 108171 19135
108169 19135 108171
132811 19135 108169
132811 132812 66653
66653 132812 30339
30339 132812 66653
30339 132813 132812
30339 132821 132820
132820 132821 66661
132820 66661 30341
30341 66661 66660
30341 66660 66659
66659 66660 66658
66659 66658 14541
66659 14541 66658
132817 14541 99899
99899 14541 132817
99899 99900 99898
99899 99898 2928
2928 99898 99899
116742 99898 2928
116742 116743 23702
116742 23702 116741
116741 23702 54861
116741 54861 23702
116740 54861 10608
116740 10608 92820
92820 10608 116740
92821 10608 92820
92821 92822 41328
92821 41328 10607
10607 41328 41327
10607 41327 41326
41326 41327 41325
41326 41325 10605
41326 10605 41325
92817 10605 92815
92817 92815 10605
92816 92815 2925
92816 2925 92815
54852 2925 54850
54852 54850 2925
54851 54850 23695
54851 23695 54850
116727 23695 116725
116727 116725 23695
116726 116725 1005
116726 1005 116725
45252 1005 45250
45252 45250 1005
45251 45250 14530
45251 14530 45250
99882 14530 99880
99882 99880 14530
99881 99880 6415
99881 6415 99880
66627 6415 66625
66627 66625 6415
66626 66625 30325
30325 66625 66624
30325 66624 132774
30325 132774 66624
132775 132774 30325
132775 42846 132774
458 42846 42848
42848 42846 458
42848 42847 42846
42848 12128 42847
42849 12128 42848
95558 12128 95556
95558 95556 12128
95558 95557 95556
12129 95557 123125
123125 95557 12129
123125 59420 95557
26438 59420 59419
26438 59419 123123
26438 123123 59419
123124 123123 26438
80336 123123 26437
80336 26437 80337
80336 80337 26437
80338 80337 80336
80338 36223 80337
149644 36223 80338
149645 36223 149644
149645 149643 36223
149645 149646 36224
36224 149646 149645
36224 149647 149646
80342 149647 36224
149648 149647 80342
149648 36222 149647
149648 149640 36222
149649 149640 149648
149649 2025 149640
49802 2025 49800
49800 2025 49798
49800 49798 2025
49800 49799 49798
19080 49799 108069
19080 108069 49799
108070 108069 19080
108070 80271 108069
8648 80271 80273
8648 80273 80271
80275 80273 8648
80275 80274 80273
36198 80274 149567
36198 149567 80274
149568 149567 36198
149559 149567 36195
149559 36195 149558
149559 149558 36195
119223 149558 24765
24765 149558 149557
24765 149557 56634
24765 56634 56633
24765 56633 119222
119222 56633 24765
119221 56633 24764
119221 24764 119220
119221 119220 24764
103084 119220 3518
3518 119220 119217
3518 119217 71965
3518 71965 71967
71967 71965 3518
71967 71966 71965
32755 71966 139478
32755 139478 71966
139479 139478 32755
139479 103083 139478
139479 7420 103083
139482 7420 139479
71964 7420 71962
71964 71962 7420
71964 71963 71962
32754 71963 139475
139475 71963 32754
139475 139474 71963
139475 14500 139474
45220 14500 45221
45220 45221 14500
45222 45221 45220
45222 14502 45221
132672 14502 45222
132672 132673 66544
66544 132673 30288
66544 30288 132673
66545 30288 66544
66545 132675 99832
99832 132675 14504
99832 14504 132675
99833 14504 99832
99833 99834 45224
45224 99834 14505
45224 14505 99834
45225 14505 45224
45225 45226 14505
45227 45226 45225
14507 45226 99838
14507 99838 45226
14507 99839 99838
99841 99839 14507
99841 99840 99839
14508 99840 132694
132694 99840 14508
132694 66559 99840
132694 30295 66559
132695 30295 132694
132695 132693 30295
132696 132693 132695
132696 6402 132693
108007 6402 108008
108007 108008 6402
108009 108008 108007
108009 19046 108008
108010 19046 108009
108010 80173 19046
108011 80173 108010
8635 80173 80175
8635 80175 80173
8635 80177 80175
149457 80177 8635
149457 149458 36161
36161 149458 149457
80184 149458 36161
80184 149459 36162
80184 36162 149459
80185 36162 80184
80185 80186 36162
80187 80186 80185
80187 36163 80186
149464 36163 80187
149464 149465 80189
80189 149465 36164
80189 36164 149465
80190 36164 80189
80190 80191 36164
80192 80191 80190
80192 36165 80191
80193 36165 80192
80193 149470 36165
149471 149470 80193
29230 149470 129808
29230 129808 129810
29230 129810 129808
64283 129810 29230
64283 129811 29232
29232 129811 64283
29232 129812 129811
129814 129812 29232
129814 129815 29233
29233 129815 129814
29233 129816 129815
29233 64288 64287
64287 64288 29233
64289 64288 64287
64289 29234 64288
64289 129825 129824
129824 129825 29236
29236 129825 129824
29236 64296 64295
64295 64296 29236
64295 64297 5947
64295 5947 64293
64293 5947 64295
98482 5947 64293
98482 98483 5947
98482 98484 13752
13752 98484 98482
44473 98484 13752
44473 98485 13754
44473 13754 98485
44474 13754 44473
154623 13754 44474
154623 154624 84481
154623 84481 37886
37886 84481 84480
84480 84481 37886
84480 84482 9214
9214 84482 84480
9214 110593 110592
9214 110592 84476
84476 110592 110591
110591 110592 20480
110591 20480 51199
110591 51199 20480
110590 51199 20478
20478 51199 51198
20478 51198 51199
20478 125058 125057
125057 125058 60801
60801 125058 27265
60801 27265 125058
60801 60802 60800
60800 60802 4907
60800 4907 60798
60798 4907 60800
60798 96385 96384
96384 96385 12587
12587 96385 96384
12587 154633 154632
12587 154632 43307
43307 154632 134512
43307 134512 392
</Vertices>
                <Weights>0.67 0.33 0
0.67 0.33 0
0.67 0.33 0
0.67 0.33 0
0.67 0.33 0
0.67 0.33 0
0.67 0.33 0
0.67 0.33 0
0.67 0.33 0
0.67 0.33 0
0.67 0.33 0
0.67 0.33 0
0.67 0.33 0
0.67 0.33 0
0.67 0.33 0
0.67 0.33 0
0.67 0.33 0
0.67 0.33 0
0.67 0.33 0
0.67 0.33 0
0.67 0.33 0
0.67 0.33 0
0.67 0.33 0
0.67 0.33 0
0.67 0.33 0
0.67 0.33 0
0.67 0.33 0
0.67 0.33 0
0.67 0.33 0
0.67 0.33 0
0.67 0.33 0
0.67 0.33 0
0.67 0.33 0
0.67 0.33 0
0.67 0.33 0
0.67 0.33 0
0.67 0.33 0
0.67 0.33 0
0.67 0.33 0
0.67 0.33 0
0.67 0.33 0
0.67 0.33 0
0.67 0.33 0
0.67 0.33 0
0.67 0.33 0
0.67 0.33 0
0.67 0.33 0
0.67 0.33 0
0.67 0.33 0
0.67 0.33 0
0.67 0.33 0
0.67 0.33 0
0.67 0.33 0
0.67 0.33 0
0.67 0.33 0
0.67 0.33 0
0.67 0.33 0
0.67 0.33 0
0.67 0.33 0
0.67 0.33 0
0.67 0.33 0
0.67 0.33 0
0.67 0.33 0
0.67 0.33 0
0.67 0.33 0
0.67 0.33 0
0.67 0.33 0
0.67 0.33 0
0.67 0.33 0
0.67 0.33 0
0.67 0.33 0
0.67 0.33 0
0.67 0.33 0
0.67 0.33 0
0.67 0.33 0
0.67 0.33 0
0.67 0.33 0
0.67 0.33 0
0.67 0.33 0
0.67 0.33 0
0.67 0.33 0
0.67 0.33 0
0.67 0.33 0
0.67 0.33 0
0.67 0.33 0
0.67 0.33 0
0.67 0.33 0
0.67 0.33 0
0.67 0.33 0
0.67 0.33 0
0.67 0.33 0
0.67 0.33 0
0.67 0.33 0
0.67 0.33 0
0.67 0.33 0
0.67 0.33 0
0.67 0.33 0
0.67 0.33 0
0.67 0.33 0
0.67 0.33 0
0.67 0.33 0
0.67 0.33 0
0.67 0.33 0
0.67 0.33 0
0.67 0.33 0
0.67 0.33 0
0.67 0.33 0
0.67 0.33 0
0.67 0.33 0
0.67 0.33 0
0.67 0.33 0
0.67 0.33 0
0.67 0.33 0
0.67 0.33 0
0.67 0.33 0
0.67 0.33 0
0.67 0.33 0
0.67 0.33 0
0.67 0.33 0
0.67 0.33 0
0.67 0.33 0
0.67 0.33 0
0.67 0.33 0
0.67 0.33 0
0.67 0.33 0
0.67 0.33 0
0.67 0.33 0
0.67 0.33 0
0.67 0.33 0
0.67 0.33 0
0.67 0.33 0
0.67 0.33 0
0.67 0.33 0
0.67 0.33 0
0.67 0.33 0
0.67 0.33 0
0.67 0.33 0
0.67 0.33 0
0.67 0.33 0
0.67 0.33 0
0.67 0.33 0
0.67 0.33 0
0.67 0.33 0
0.67 0.33 0
0.67 0.33 0
0.67 0.33 0
0.67 0.33 0
0.67 0.33 0
0.67 0.33 0
0.67 0.33 0
0.67 0.33 0
0.67 0.33 0
0.67 0.33 0
0.67 0.33 0
0.67 0.33 0
0.67 0.33 0
0.67 0.33 0
0.67 0.33 0
0.67 0.33 0
0.67 0.33 0
0.67 0.33 0
0.67 0.33 0
0.67 0.33 0
0.67 0.33 0
0.67 0.33 0
0.67 0.33 0
0.67 0.33 0
0.67 0.33 0
0.67 0.33 0
0.67 0.33 0
0.67 0.33 0
0.67 0.33 0
0.67 0.33 0
0.67 0.33 0
0.67 0.33 0
0.67 0.33 0
0.67 0.33 0
0.67 0.33 0
0.67 0.33 0
0.67 0.33 0
0.67 0.33 0
0.67 0.33 0
0.67 0.33 0
0.67 0.33 0
0.67 0.33 0
0.67 0.33 0
0.67 0.33 0
0.67 0.33 0
0.67 0.33 0
0.67 0.33 0
0.67 0.33 0
0.67 0.33 0
0.67 0.33 0
0.67 0.33 0
0.67 0.33 0
0.67 0.33 0
0.67 0.33 0
0.67 0.33 0
0.67 0.33 0
0.67 0.33 0
0.67 0.33 0
0.67 0.33 0
0.67 0.33 0
0.67 0.33 0
0.67 0.33 0
0.67 0.33 0
0.67 0.33 0
0.67 0.33 0
0.67 0.33 0
0.67 0.33 0
0.67 0.33 0
0.67 0.33 0
0.67 0.33 0
0.67 0.33 0
0.67 0.33 0
0.67 0.33 0
0.67 0.33 0
0.67 0.33 0
0.67 0.33 0
0.67 0.33 0
0.67 0.33 0
0.67 0.33 0
0.67 0.33 0
0.67 0.33 0
0.67 0.33 0
0.67 0.33 0
0.67 0.33 0
0.67 0.33 0
0.67 0.33 0
0.67 0.33 0
0.67 0.33 0
0.67 0.33 0
0.67 0.33 0
0.67 0.33 0
0.67 0.33 0
0.67 0.33 0
0.67 0.33 0
0.67 0.33 0
0.67 0.33 0
0.67 0.33 0
0.67 0.33 0
0.67 0.33 0
0.67 0.33 0
0.67 0.33 0
0.67 0.33 0
0.67 0.33 0
0.67 0.33 0
0.67 0.33 0
0.67 0.33 0
0.67 0.33 0
0.67 0.33 0
0.67 0.33 0
0.67 0.33 0
0.67 0.33 0
0.67 0.33 0
0.67 0.33 0
0.67 0.33 0
0.67 0.33 0
0.67 0.33 0
0.67 0.33 0
0.67 0.33 0
0.67 0.33 0
0.67 0.33 0
0.67 0.33 0
0.67 0.33 0
0.67 0.33 0
0.67 0.33 0
0.67 0.33 0
0.67 0.33 0
0.67 0.33 0
0.67 0.33 0
0.67 0.33 0
0.67 0.33 0
0.67 0.33 0
0.67 0.33 0
0.67 0.33 0
0.67 0.33 0
0.67 0.33 0
0.67 0.33 0
0.67 0.33 0
0.67 0.33 0
0.67 0.33 0
0.67 0.33 0
0.67 0.33 0
0.67 0.33 0
0.67 0.33 0
0.67 0.33 0
0.67 0.33 0
0.67 0.33 0
0.67 0.33 0
0.67 0.33 0
0.67 0.33 0
0.67 0.33 0
0.67 0.33 0
0.67 0.33 0
0.67 0.33 0
0.67 0.33 0
0.67 0.33 0
0.67 0.33 0
0.67 0.33 0
0.67 0.33 0
0.67 0.33 0
0.67 0.33 0
0.67 0.33 0
0.67 0.33 0
0.67 0.33 0
0.67 0.33 0
0.67 0.33 0
0.67 0.33 0
0.67 0.33 0
0.67 0.33 0
0.67 0.33 0
0.67 0.33 0
0.67 0.33 0
0.67 0.33 0
0.67 0.33 0
0.67 0.33 0
0.67 0.33 0
0.67 0.33 0
0.67 0.33 0
0.67 0.33 0
0.67 0.33 0
0.67 0.33 0
0.67 0.33 0
0.67 0.33 0
0.67 0.33 0
0.67 0.33 0
0.67 0.33 0
0.67 0.33 0
0.67 0.33 0
0.67 0.33 0
0.67 0.33 0
0.67 0.33 0
0.67 0.33 0
0.67 0.33 0
0.67 0.33 0
0.67 0.33 0
0.67 0.33 0
0.67 0.33 0
0.67 0.33 0
0.67 0.33 0
0.67 0.33 0
</Weights>
            </BorderPart>
        </Border>
        <Border Name="A6dl_R" Red="0" Green="0.415686" Blue="0.0352941">
            <BorderPart Closed="True">
                <Vertices>365 42377 42375
42375 42377 365
42376 42377 42375
42376 11657 94708
42376 94708 11657
94707 94708 42376
94707 11656 94706
94706 11656 121140
94706 121140 11656
58002 121140 94706
25587 121140 58002
25587 121141 121140
25587 121139 121138
121138 121139 25587
76083 121139 121138
76083 3976 76085
76083 76085 3976
76084 76085 76083
34492 76085 76084
34492 144511 76085
34492 144512 144511
144510 144512 34492
144510 144513 144512
8059 144513 144510
8059 76082 76080
76080 76082 8059
76081 76082 76080
76081 34491 144506
76081 144506 34491
144505 144506 76081
25575 144506 144505
25575 121113 121112
25575 121112 57983
57983 121112 25575
121111 121112 57983
121111 17660 105514
105514 17660 105516
105514 105516 17660
105514 105515 3968
3968 105515 105514
76017 105515 3968
76017 144430 105515
34465 144430 76017
34465 144431 144430
144429 144431 34465
144429 144432 144431
144429 8050 105513
105513 8050 76010
76010 8050 76012
76010 76012 8050
76010 76011 17658
17658 76011 76010
144421 76011 17658
144421 144422 76011
144421 34462 76009
76009 34462 76008
76009 76008 76007
76007 76008 34461
76007 34461 76006
76006 34461 144416
144416 34461 76006
144416 144417 34461
144416 144390 34452
34452 144390 144389
144389 144390 34452
144389 42835 12115
12115 42835 42836
12115 42836 42835
12115 95535 95533
95533 95535 12115
95534 95535 95533
95534 12116 123072
95534 123072 12116
59382 123072 95534
59382 26415 59381
59381 26415 123070
123070 26415 59381
123070 123071 26415
123070 80223 26414
26414 80223 80224
80224 80223 26414
80224 80225 80223
80224 36178 149507
80224 149507 36178
149506 149507 80224
19062 149507 149506
19062 108038 108037
108037 108038 19062
108037 80218 19061
19061 80218 80219
19061 80219 80218
149500 80219 19061
149500 149501 80219
36175 149501 149500
149499 149501 36175
149499 149502 149501
149499 2614 92256
92256 2614 53915
92256 53915 92255
92255 53915 10293
92255 10293 92254
92254 10293 92253
92254 92253 92252
92252 92253 2612
92252 2612 92253
92252 53953 92278
92278 53953 10306
10306 53953 53954
10306 53954 53953
10306 115470 92276
92276 115470 10306
92276 53952 2625
2625 53952 53950
2625 53950 53948
2625 53948 53946
53946 53948 2625
53947 53948 53946
53947 23154 115461
115461 23154 53947
115461 115462 23154
115459 115462 115461
115459 2624 63911
63911 2624 63913
63911 63913 2624
63912 63913 63911
29060 63913 63912
29060 129341 63913
29060 129342 129341
129340 129342 29060
129340 129343 129342
5873 129343 129340
5873 63910 63908
5873 63908 63906
63906 63908 5873
63907 63908 63906
63907 29058 129333
63907 129333 29058
129332 129333 63907
29057 129333 129332
29057 129331 129330
29057 129330 63904
63904 129330 29057
129329 129330 63904
129329 29056 129328
129329 129328 129327
129327 129328 223
129327 223 129328
144824 223 144797
144824 144797 144823
144823 144797 34589
34589 144797 144796
34589 144796 76321
34589 76321 144796
76322 76321 76320
76322 76320 8093
8093 76320 76318
8093 76318 76320
105698 76318 105697
105698 105697 17762
105698 17762 105697
144817 17762 144816
144816 17762 48482
144816 48482 144815
144816 144815 34595
34595 144815 144814
144814 144815 34595
144814 144806 34592
144814 34592 144813
144813 34592 76330
76330 34592 76329
76330 76329 76328
76330 76328 8094
8094 76328 76326
76326 76328 8094
76326 76327 17764
17764 76327 76326
17764 144801 105700
105700 144801 17764
105700 76325 6146
6146 76325 76323
6146 76323 76325
6146 131069 76323
131072 131069 131071
131071 131069 29697
131071 29697 131070
131070 29697 65277
131070 65277 99071
99071 65277 6145
6145 65277 65275
6145 65275 65273
6145 65273 65271
65271 65273 6145
65272 65273 65271
65272 29694 131061
65272 131061 29694
131060 131061 65272
131060 29693 65270
131060 65270 99067
99067 65270 6144
6144 65270 65268
6144 65268 65266
65266 65268 6144
65266 65267 29691
29691 65267 65266
29691 131054 131053
29691 131053 131052
131052 131053 29691
131052 131050 29690
29690 131050 131049
29690 131049 65262
65262 131049 29690
65262 131048 23422
23422 131048 116086
23422 116086 131048
116087 116086 116085
116087 116085 23421
23421 116085 116087
23421 137919 116085
137920 137919 70691
137920 70691 32217
32217 70691 137920
32217 70692 70691
137922 70692 102320
137922 102320 15886
15886 102320 137922
15886 102321 102320
15886 102322 102321
70693 102322 15886
102242 102322 15842
102242 15842 102244
102242 102244 15842
102243 102244 102242
15843 102244 102243
15843 102245 102244
15843 70565 70566
70566 70565 15843
70567 70565 7204
70567 7204 70565
70569 7204 70567
70569 137778 7204
137779 137778 32168
32168 137778 137777
32168 137777 70574
32168 70574 137777
70575 70574 70573
70575 70573 7205
7205 70573 70575
7205 102251 70573
102252 102251 7205
102252 102253 102251
15848 102253 102252
15848 102254 102253
70580 102254 15848
70580 102255 102254
7206 102255 70580
7206 137811 102255
137814 137811 137813
137814 137813 32180
137814 32180 137813
137815 32180 137814
70606 32180 70605
70606 70605 32180
70607 70605 7209
70607 7209 70605
70609 7209 70607
70609 102270 7209
137821 102270 15858
15858 102270 137821
15858 102271 102270
15858 102272 102271
70610 102272 15858
70610 102273 102272
7210 102273 70610
137829 102273 137828
137829 137828 32185
137829 32185 137828
137831 32185 137830
137831 137830 70619
70619 137830 15861
70619 15861 70618
70619 70618 15861
70620 70618 7211
7211 70618 70620
7211 102278 70618
102279 102278 7211
102279 102280 102278
15863 102280 102279
15863 102281 102280
70625 102281 15863
70625 102282 102281
7212 102282 70625
7212 102403 102282
7212 70832 70629
70629 70832 7212
70831 70832 70629
70831 32276 138093
70831 138093 32276
70831 138092 32190
32190 138092 137844
32190 137844 137843
137843 137844 32190
137843 41165 10445
10445 41165 41166
10445 41166 41165
92529 41166 10445
92529 92530 41166
10446 92530 92529
10446 54373 54374
54374 54373 10446
54374 54375 54373
23410 54375 54374
54376 54375 23410
54376 54377 54375
54376 23411 116062
116062 23411 54376
116062 116063 23411
44773 116063 116062
847 116063 44773
847 116064 116063
847 44779 44777
44777 44779 847
44777 44778 14057
14057 44778 44777
99031 44778 14057
99031 99032 44778
99031 14058 99030
99030 14058 130984
99030 130984 14058
65209 130984 99030
65209 29665 65208
65208 29665 130982
65208 130982 29665
130981 130982 65208
130981 29664 130980
130980 29664 144553
130980 144553 29664
130980 42379 365
365 42379 42377
</Vertices>
                <Weights>0.67 0.33 0
0.67 0.33 0
0.67 0.33 0
0.67 0.33 0
0.67 0.33 0
0.67 0.33 0
0.67 0.33 0
0.67 0.33 0
